0.4647031267591254
0.39287384476467524
0.06253164924096966
0.42374525976756006
0.4652867807602389
0.3014961319575876
0.22858743820041683
0.15314517169516628
0.019966609462774065
0.3214308243294445
-0.23712278510447737
-0.4784860756371022
-0.2745743424417185
0.2750998231342704
-0.0834046573539059
0.17503609392340935
0.46278301606349126
0.6511344910037392
0.407126777171713
0.7514437109220159
0.8484465872910286
0.717872547241892
0.7955563249297318
0.8723947456361584
0.9340672676253318
0.7826185179599067
0.8870821857880576
0.4889288679326297
0.5072751652974657
0.47847987233915334
0.16331477564724162
0.7046379256036429
0.4916966445060774
0.5386402392788477
0.60596482309163
0.3026647507513699
0.7234432353932222
0.3419161350575267
0.46604557408530967
0.5919050522115702
0.5600701402211742
0.8779139803116885
0.9008060891630846
0.6169708995385393
0.6290014468448687
0.21217858854966953
0.5338618331537001
0.5307651822737997
0.7100622247779403
0.47571238161722407
0.15232420577931227
0.18033395908108518
0.09089487333736412
0.5361137353521878
0.2395935436621549
0.39641005079740077
0.3272303437651155
0.2368222301706998
0.7627649964489999
0.7180245471611245
0.705279522666561
0.12928138237454811
0.10748480893212997
0.1251225246111124
0.3023798249881734
-0.07082289712385548
-0.00785138322377199
-0.17902898723970806
-0.24173785188512265
-0.21870157094440368
0.004409388913635737
-0.1555339922294975
0.10813772817944256
0.12595747253735945
0.5270697835802641
-0.006039344600231034
0.22073795281971742
0.6794359142400305
0.7285664779273672
0.653543095241598
0.7292581260959293
0.8851808328197913
0.9022287226257161
0.5880962657614107
0.8991006774969191
1.0232022371470886
1.107040847714115
1.099824038361239
1.1325356289161053
1.1855051618516836
1.2186717156328535
1.0380299335293137
0.8587805608742739
1.0284461121094295
0.3239872054160985
0.5072903653220363
0.6137748285426093
0.7390367049672969
0.8293484751489982
0.7345184776888919
0.7701477765878971
0.9714835117290169
0.9110192390988358
0.804239621036046
0.7725500620952322
0.9429848474506842
1.1660479035767977
1.213872366557212
1.1124608731364467
0.9691577125876195
0.9717544620061117
0.9710001830039369
1.0528513287905663
0.22572968708984342
-0.1981381875972389
-0.4159482824999051
-0.37834263964400716
-0.23612029816709745
-0.028696585971193067
0.17079119250384467
0.3503041455560728
-0.09844195130561728
-0.20085171615240116
0.3268471840634136
0.12470119138123648
0.19552778377039404
0.43263035645021775
0.574610555777228
0.7455852922079375
0.5671603620560427
0.9560790156319458
1.2402534676321708
1.1916566615256268
1.111904295325544
1.117012473500639
1.2614462472712424
0.7959285519305753
0.8551253463329859
1.2006748907632612
0.7889624478560447
1.0050612486145147
-0.8921317072082585
-1.1157433625953845
0.2912584734613167
0.6642696717928617
-1.233500255007707
0.5574386838322839
0.3494632895123496
0.6365454891629779
-2.366223835432387
-2.8700395610712452
-1.5306990577461237
-0.7454693076298594
-2.072526157280051
-1.703051947124231
-2.323112786804174
-2.710103434434193
-2.3880656822292172
-1.8511974962145752
-2.0647383580232015
-2.7705939554297143
-2.3037820565887164
-0.7356451620972361
-0.313496376622474
-0.15226073497021242
0.24018035416305616
0.5732998888829725
0.48958115080710074
0.7816235142687263
0.7931195062117892
1.1868796812720137
0.8503915777899079
0.36708390471416175
0.9882350423894163
1.2002232583894563
1.0271856551682261
1.029018248671322
1.2194690570640838
0.5933882849356239
0.9488909538771283
0.7015967784377727
1.0160623654233176
1.0495411793645801
0.09270226251731939
0.6251595121696235
0.8029802743623259
0.7534364871191824
0.14812752077421665
0.6794110943419595
0.4751848722775195
0.5123191416238176
0.7951491299187617
0.7775998457665073
0.49484916310737626
0.5192420597454811
0.21731305013591873
0.18557738327841145
0.3412608253285979
-0.7333048250881674
0.10186550268409478
-0.03264322566484135
0.1658431347394268
0.3713047299871496
-0.21593811218432324
-0.34199069765287027
0.09085222552507533
-0.2920574617940602
-0.04524797755500709
-0.33783691107821723
-0.6158319911328155
-2.251815309195313
-1.1236058057212164
-0.18957377777462858
0.2761235911516108
-0.16361991391314368
0.4255543683255526
0.36425065974373305
0.4847241416379967
0.5325552576939637
0.3177483284206021
0.5582353128229348
0.7418118356923932
0.07470836277305304
-2.339779528723678
-0.6814010679280252
0.7182971884544086
0.15569922734108788
0.9208864313966115
0.3655112799480674
0.27968330728478585
-0.025250263515048332
-0.7898557897932698
-2.034343534745235
-1.7265932324765396
-1.0400502061579553
-0.7090166349078694
-0.7091801518829411
-0.02665270008745113
0.1161440969637505
0.2266455022611037
0.49738029597794353
0.4469275099584399
-0.4264648105185086
-1.81183039167253
-2.2677370207707144
-1.3074578778179486
-1.2665903214157392
-0.6843525788411223
-0.5061935443529771
-0.21992073158398695
0.29271322607631534
0.7072183377515907
-0.03856129144486131
0.13161639390353075
-1.0877541093034488
-0.17892139287916076
0.13855317890112084
0.6649942666107543
-0.3866934739167901
0.32721885992938426
0.45633177589339213
0.4848223170112286
0.5428262653225152
0.24753297682985698
0.03515405775521285
0.8822322269974728
1.0334437704657558
0.4348848778973954
0.2863256155462176
-0.29773991135643085
0.2688206675686716
-0.2495360279332367
0.035780379963175846
-0.13194538176976922
-0.3423483881593491
-0.5897906688942692
0.17240719458477238
-0.6321402880879902
-0.9768643014446977
-1.1632558391024732
-0.5944492700520941
-1.2098343978432107
-1.187280540835832
-1.235606219293118
-0.8699407498160293
-1.2575393344386607
-0.6199184758583224
-0.11596657573566971
0.06391511040329367
-1.3896823229219732
-0.5446856868108042
-0.7231416891235575
0.18886496695539934
0.5084990581129206
-0.029024776498990712
0.2872684366067476
0.16532595103342496
0.6366663357966379
0.9023748154071795
0.7947403643571883
0.4641872104674304
0.633156852118652
0.059758596072882475
-0.6883044487180682
-1.5897339764268943
-2.27672483029647
-0.9613695554773879
-2.5631744232270814
-0.3492100594505724
-2.4223177381967815
-1.4059763137911552
-0.28875492897303323
-0.6366408633777515
-0.15880303532545492
0.22918122169341737
0.27886765848344675
0.4842923525225368
0.5577428562758134
0.483378424544607
0.28831173694564727
0.39242365418704617
0.3550639055241168
0.7914623041406438
0.797210789933961
0.8357846659580955
0.5695397449687819
-2.503949413136256
-0.594864166787839
0.26656691245524067
-2.4020887280799967
-0.08047144776709614
0.19611162197927834
0.1792342097112497
0.03413614610051796
-0.31385507057554796
-0.3356213995494667
0.1386692294683799
0.42497738626631454
0.5331267678629684
0.2945058854410275
0.31196279174875075
0.07443835268063326
0.5696400442870123
0.8201247117923026
0.5712174196056873
0.5582117302957824
0.6793824471815183
0.48545517683474715
0.43891030591859825
0.3114554625348086
0.3426760357433357
0.024438461296629632
0.33380958561211516
0.4906269609196604
-0.6680460296435055
-0.2663533061173521
0.31549901287282134
-0.2988354596226023
-0.061425676753018466
1.1912452412220769
1.2327890856077084
-0.37057810134126756
0.17822516287540802
0.624952565577057
0.06279670751497102
0.8772017766035803
0.7314515891876704
0.5009210089249881
-0.004587305571597811
0.7009403271487867
1.5832355575519599
0.30780418787094577
0.5193144554400794
0.9011273518178656
0.7852756649009501
0.9625202659710522
0.8540727494675883
1.2028924251171111
0.9085491785701739
0.1176685897845301
-0.1731475983984826
0.2584808072626069
0.6953882969224802
0.7941900307481949
0.8815003321067726
0.22006748521404462
0.6023197887737742
0.9945125052012903
0.657169225432184
0.7925191420002692
0.708571099154255
0.3758570714798738
0.6609335594162674
0.5002701889198699
0.6929705535017016
-0.16106431636363594
0.20379074254258478
0.6427170888666337
0.738045014862791
0.4666063074625887
0.090484013791713
-0.5692054385518018
-0.27720079790186214
0.330112623130819
0.5147748210551372
-0.12578216158378963
0.11473385534186009
0.02295698333975904
-0.15583855280951886
-1.8209024585937743
-1.4112219566097624
-0.47146801207850164
0.01145083202830166
0.3223907694928
-0.026121374872609793
-0.5912962100426179
-0.2383800985806449
-0.02551312524664573
-0.1935665441330544
-1.930093815764236
-0.6124766406081356
0.029243446123795258
-0.06115440585085408
-1.3840248811590548
-1.263642807661165
-1.328451430544244
-0.9906772547374089
-0.672466676644398
-0.7297079062940887
-1.5147739388228372
-1.6704672171324058
-2.4317036642090963
-1.6267775506656217
-0.8755644213843651
-0.5006913880630842
-0.1960578554938449
-0.39290536935703335
-0.4071315888968231
-0.8002556138281353
-0.5027386896892528
-0.09916718592847629
-0.7516170018675964
-0.6833655106183049
-0.1477535781103484
0.13926218335206053
0.3980738487916783
0.3245424489605243
-0.6195009327451088
-0.07362198070034565
0.4382170723105835
0.7305794114891645
0.9313989210606722
0.9078066213020749
0.8018655581505681
0.7778280682802675
0.7620689487811377
0.5712959411588224
0.7134200734454262
0.5189891851764722
0.480135151757627
-1.4417826795835538
-2.2784092649197336
-1.208568802681693
-1.1079634509715701
-1.5910637160820849
-1.1327332494018854
-0.25275979971702756
-0.9078612119173487
-0.5908972983966986
-0.621919197385501
-0.582880956896522
-2.49419057083751
-1.3020928764754747
-0.5865595619558631
-0.14154951654137415
-0.30410982585283597
-1.6322887276159839
-1.0439382225395173
-1.2252158529259067
-1.807639742978727
-1.8109416769356792
-1.5625439413713162
-1.7348641605945527
-2.5007094219708295
-1.3079763557111643
0.09838281831469364
0.29007262729715977
0.007144302121451118
-0.28107240119215204
0.112116115575572
-0.3313758506052237
-0.0670285439065964
0.45840774461917577
0.566210027216575
0.4018382941527511
0.7517058831750022
0.27402040854482246
0.5967517806352068
0.551240272485891
0.45999795168742474
0.7404871925238184
0.09237205650836999
-1.7627709056550884
-0.7847020091169047
-0.5972428092088086
-0.2569437607674555
-0.20538795138018318
-1.0836464356400035
-0.685827827484102
0.390240025589525
-0.10997522569422691
0.5404188637696586
0.8243327862493887
-0.40029182403237373
0.8134636527905362
0.7589922578855125
1.153071117079683
1.3882213239889905
1.2792398914816672
1.1330259283827169
0.9861929683271361
0.9787145095486002
0.5590032265115669
-0.1536640044183205
-1.8520816295757916
-1.0023758953302133
0.11870962651849071
0.7274294168897869
-1.97533238023042
-0.5847700552915499
-0.31425647922558986
0.26706487048799
0.342001927587153
0.44795649959326533
-1.8223331306703274
-2.6079563699903323
-0.6385629582206446
-1.985254586274991
-0.8994240237546084
-2.09419340768925
-2.7627440068657765
-1.0114388600791897
-0.362329127703506
-1.0707032916880173
-0.3030345506179698
0.3440385197568
0.2722611967041567
-0.07981562370021911
0.3567851591220913
0.43886520492641645
-1.3501081147198808
-0.609483229139515
-0.21981210888962777
-0.34996327739283617
-0.5984275657743213
-1.946520175800774
-2.5402765447198603
-1.6872042928037199
-0.780161064421654
-0.6658807522674418
-0.35409793399380496
-0.3230869207495456
-2.392599932420069
-1.4117590659636163
-0.3899025481930948
-0.13161914595107105
0.04336962422585111
0.36491172348445866
-0.11234970473604167
-1.0185371084690384
-0.8286298923973666
0.16905479025606185
0.6701978990781393
0.23800593931946545
0.5205351059318039
-0.24199454923055763
0.19479120980694675
0.05888399319418747
0.1426299314483218
-0.15011604125871936
-0.44203175765444425
-1.4030679218282898
-1.7933079638363982
-2.793521206356529
-2.452999481414964
-1.1086923858190028
-0.7109658787587195
-1.8054664805821692
-2.1677495614654867
-1.4166219945920586
-1.8470819715560647
-2.0037794724676603
-1.9392140238888511
-1.794159696640964
-1.7401477828365777
-0.03245591418207072
-0.73885852858799
-0.36084729926812076
-0.17172547918361547
-0.8254020164442019
0.2934321583031613
-0.17296640594145052
0.47503225743196376
1.035089512133316
1.0106791270429407
0.2104722548367851
-0.250522211399845
-1.0568820845633844
-0.5100310617055649
-0.037436553437457776
0.15697727302075337
0.15660904279347265
-0.3530241024748003
-1.3826645377420945
-2.2037217502632807
-0.8244581857005334
-1.2091096784547581
-1.1938665810679594
-0.8871994455355198
-1.5860136412278085
-2.606671440782427
-2.8267967994188616
-1.568320714411347
-1.1050344919739956
-0.9829285762476042
-2.4372339641342813
-1.246818593904755
-2.669074494340886
-2.404607110404292
-2.526637615237342
-1.1821142757114131
-1.158721310347563
-1.4212665247967387
-1.255097199448858
-2.247551077841903
-0.6432896403873573
-0.12006899838414198
0.3259715121195045
0.19793926358735747
0.3690991190675733
0.37269294072787085
0.24234789542476187
0.20461661056454383
0.29714287383637605
-0.7647869981219638
-2.859624855898378
-1.4584297404728357
-0.2735687676126105
-0.8618606778842578
-0.7474378997851593
-0.8551017572651033
-0.2990958474943307
-1.1384708516038198
-1.094940206006704
-1.2042615927872142
-1.8856220785602313
-2.6426366564093122
-2.765796355054995
-2.4297189382590907
-0.47617879898769455
-0.5016595719281184
0.024850497605626187
-0.3264382938634377
0.04021266157315695
0.18372647667085695
-0.6031080267426164
-0.20983539891786107
-0.29432231662414454
0.6711815624522893
0.0527617500565144
0.6833465168644354
-0.1348073051000208
0.5456460030040583
0.5889624642453194
-0.15128989724129094
0.3023832559656471
0.47425270734269576
0.5765981595073247
-0.6841598238866969
-0.07928332818968775
0.2752383496246237
0.5395553831343983
0.6773111917780129
0.42965951394885715
0.3322274179584793
-0.22651683002615342
-0.43002830324666574
-0.44136285248122864
-0.21601168418421823
-0.2568010011566525
0.3485561417979598
0.42490377044732186
-0.20540420771315004
-0.5767532322894199
-1.869826161093827
-0.2826080043540996
-0.4261409687514829
0.09421042368759147
0.10937055523184058
-0.14206300996306587
-0.6189103135887225
-0.8013274224701697
-0.9181560665458209
-0.38734449834287743
-0.4441905724161398
-0.12281768378640623
0.3707032598053329
0.38890894771580287
0.5017191313234418
0.19875173580543704
0.31594362670000764
0.3061954316282568
0.2635753671944391
0.033795395807186934
0.3111867989032907
0.33227935158376043
0.3732704897398035
0.19910503648345335
-0.3901262242880993
0.18553331257074512
0.33460620692073506
0.31300036397493913
0.16161911895133707
-0.11218946027108212
0.3680644536562573
-0.21781134805917068
0.04413819337427449
0.355560026737883
0.3787283422841158
-1.0371336564868234
-0.4752156370913584
-0.400998458199887
-0.07896439053482285
0.09306296442550577
-0.0958667441760076
0.04076400248891987
0.1137738588260534
-0.0881952887488563
-0.47723884398269567
-0.5208317061754407
-0.4197703554110218
-1.0692394409459216
-0.3805723293120332
0.45476305453318433
0.4354609416524239
-0.1913919875919513
-0.5894829897364474
-0.8023582762802982
-0.49648587042396264
-0.10979687036445063
0.1349250396221192
-0.09845588049550325
0.15562569071951005
-0.4960019036976805
-2.490866325447755
-2.0332708529487014
-0.5670892199134384
-0.0895809801949824
0.020055277833905705
0.41409660694882733
0.07675948826642143
-0.14308811240688846
-0.18716829621116526
-0.017487516129586766
0.2789572355741855
0.08674382984618967
-0.6751297504060095
-1.1640355656822963
-0.29053430161159943
-0.3149191844273892
0.16969704307023592
-0.02917209864922976
-0.35061779151284844
-0.3453599550042933
-0.3046914683583207
-2.2208363727471654
-2.354043471660852
-1.5402350076521083
-0.19871987763721022
-0.04093293771158335
-0.4293659382729912
0.2043557866243807
0.3955670109453594
0.5746549836025524
0.252988493708734
-0.43433798346136954
-0.5994246062891665
-0.30043841055199627
-0.7455520007335693
-1.9861958878642567
-1.664020747248983
-1.092123495905315
-0.9308241704053973
-1.522299372046393
-1.9876559134411917
-1.7762811445928164
-1.922514227525495
-2.7213655512457198
-1.4024856532451815
-0.3771949478518787
0.2523647080606318
0.1108461516597371
0.309952723218044
0.3133346285983437
0.1870794271214512
-0.6594792622976945
-0.718407506267099
-0.2508980127822783
-0.13004115779825354
-0.3548596706353383
-1.7609657132737686
-0.9088280337706675
-0.09751310435985572
0.08426705306390525
0.5543471476823972
0.33427816628165397
0.2909751230888128
0.6551438693741533
0.7224530503954772
0.8660179998993941
0.8246481081970044
0.3500300336332204
0.6205424801424234
0.6312475572332369
0.9631299227609448
0.012080512383004893
0.3476834702363435
0.48315439854159103
0.5786909374999579
0.47774994244069846
0.3338682192033259
0.16868103502556708
0.5087623126417528
0.41470169245145116
0.13791440130225519
0.47129460131217316
-0.2168771374854176
0.22968564274872472
0.1034937880770842
-0.16023822403576882
0.299263744528122
0.5552506831239702
0.5974804538235231
0.008895168249465235
-0.46195059039474595
-0.12153290421905061
-0.5902461443593535
-1.957247735914653
-2.583100314536257
-1.4468566332096042
-1.4520482838151905
-2.0250479326678223
-2.713755612393032
-1.1773215427323023
-0.20381104574860365
-0.6184355227770367
0.08849070117442659
0.3535014761256873
0.25183426694933553
0.2406776102649969
-0.8399355943871666
-0.8720642845427918
-0.23458407410080417
-0.13887730109359764
-0.28737767533751735
-0.16984806133540042
-0.521377180406097
-0.01677187627459331
-0.01660177771624094
-0.8943212173500691
-1.8831795718932112
-0.9414193609395175
0.39747145017954943
-0.01932233114014059
0.06613497932734569
0.39921140221184126
0.6896187677688962
0.19703300845908822
-1.4305723118322997
-0.5417734186960163
0.07939588881836046
-1.3116145344206256
-0.2986983808044755
0.09214203800425425
-0.1562285172648542
0.3179937054761902
0.0699266307768992
0.039846990843332875
0.3130123287209171
0.2420901352432837
0.1433079846789015
-0.066391673460228
0.3300733829677357
-0.06778868843010655
0.05002609482763931
-0.23821533139122109
0.05586172634573339
0.20905248532812892
-1.4932850404145523
-2.421380521868046
-2.670288014378994
-1.4445928751880373
-1.5820580994412485
-0.28258689364156153
-0.29297978616188003
-0.0028943886823121767
-0.2145106314480515
-0.07060409211093044
-0.22095488771644656
0.1172680599490098
-0.016152930498691043
0.06857703670405735
-0.907659683565606
-0.2732834447610367
-0.3839189217141442
-0.8827146699235847
-2.4329487781248833
-0.7795717581946945
-0.34883577049181336
-0.8438956201985005
-0.5410281533848812
-2.051676483791377
-2.240039396399146
-1.251180898572096
-0.2638110618734931
-0.3398604689142909
-0.16990919350856137
-0.3497495114493413
-0.467793977188825
-0.27048914760090315
-0.018381693551287825
0.09739280323057409
0.01970181839422691
-1.3410527984224654
-0.37202989338680104
0.20682605516245312
0.09157317971890178
0.4899664150853068
-0.1394339545625517
-0.33435111631827275
-0.4645888185224353
-0.6640358894566242
-0.4967633364263323
-0.3799054775263896
-0.4425229972764081
-0.6570619964937535
-0.3244646146266815
-0.2257797594994143
0.364758408956669
0.7649862467397769
0.5561879635527566
0.7265228193581036
0.5861638863159241
0.6734833676222619
0.7148017784570436
0.18008294589000629
-0.021825164386812923
-0.0709763582415116
-0.6227697116773766
0.21805961061919932
0.02106991897704391
0.08915331864651621
0.5077760302293667
0.5187702477740194
-1.1391683979467695
-2.176512268471788
-0.23516551096427885
-0.9866220863412881
-1.4349679921583856
-0.6740174957374464
-0.8600721155370602
-0.682863675431317
-0.4054088443973548
-0.20961271741481158
-0.26613565207178136
-0.4118842651765219
-0.6399755250101228
-0.44704867692619044
-1.6728202428213743
-2.6184943274381425
-1.6164091632815043
-0.28668935293313835
0.16731485693784742
0.025702858779016124
0.27823297850875883
0.334156089305336
0.5227583085561308
0.397486610354686
-0.2736178731476887
-1.02383517195293
-0.0824713568073806
0.3570392071272662
0.20791951932753727
0.08371804781146552
-0.8191308038384252
-0.27839543242918074
-0.27400391247874956
0.012989998291195959
0.2930166348754243
0.11749913064093798
0.4157160156885892
0.2438548589686137
0.2623384153080698
-0.1584996552754433
-0.41428593157619764
-0.3452228722306706
-0.4405885065423766
-0.10963461835301536
-0.08622216878950406
0.4713314478179752
0.08672358413294334
0.4851600912917936
0.8122505318988645
1.123996508674233
0.8717195986782252
1.0830117552250438
1.2213708124876548
-0.4591016724344904
0.5774638887279634
0.35036202680744866
0.5929524766029685
0.403339461856452
0.05919592341239566
0.5296948654732277
0.13316538033883007
-0.29516507829287664
-0.5415962128596737
0.17477838660062017
-2.4330148967930594
-1.5583676517896894
-0.2763625947763254
-0.059640827939590246
0.18011917026797464
0.40128718576338807
0.6177406708778731
-0.6647639554275347
-2.3223517564562046
-0.6641846720559356
-1.532732750511312
-1.5071011769552922
-0.42996987418005894
0.3232596446517627
0.6759294281841045
0.23553264529675866
0.046682945780458396
-0.7646206973688495
0.19772751009071532
0.3815104474172729
0.21342020800670036
0.2119239955708222
0.43507454989072103
0.7412770704223893
0.27292413619332956
-0.3070865350789719
0.17837439301258173
-1.0501946084922755
0.14344129864977917
0.24201069804628028
-0.11906292595282653
-0.5158039543008802
0.40524595322858425
0.6088455247147108
0.22462734783338278
-0.9678860982840584
-1.1477311596506774
0.5045712753114996
0.8385718892639685
-0.36273321657516766
-0.5429130943564712
0.06407443175872396
0.5904741726783195
0.8166057400161323
0.4665073849194664
-0.6179694931124132
-0.3133867780545142
-0.2293835078336276
-0.13521990972737863
-1.540398781191307
-0.3126620273605193
-0.35371638776161307
0.25072897899189905
0.08090132769351788
-0.5219721996857772
-0.6205846534875162
-0.20682790258990524
0.5986911648598964
0.45130850134655043
0.3441998931974902
0.690893494354666
1.0512444651703965
0.017466898853915835
0.18578705366692405
-0.4854294421469719
0.20803189228815044
-0.47719306502566516
0.9904245299007138
0.6426383011788322
-0.52127518085773
0.2953986959807112
0.1251682118724421
0.11992423505215244
0.421085684045145
-0.23236348583432742
1.0171776395464724
1.1414764999306537
0.07883121887449229
-0.6492530006625638
-0.8572302115140694
-0.7458768146409297
-0.6879238541138483
-0.7322162576708112
0.038011060233110405
0.00893800492578778
0.1381362034554504
-0.031895777208918674
0.12079783978138658
-0.7080591635187187
0.3118574721284547
0.19569567540040056
-0.16863529320539483
0.35261434890831944
-0.18526483625374868
0.4364718601502323
-0.13796758057998526
0.7201515345185155
-0.4450880430418499
-0.6134428997281974
-0.04010023444944777
0.07842694928038385
0.1271026593083645
-0.4091902512245419
-0.4366332856541636
-0.14170285185551157
0.2281433808460468
0.10463213424426543
0.5673294721306016
0.7051636970187521
0.22933816008016394
0.5576825330638678
0.8843315681526102
1.057850838508616
0.6619071553457422
0.8754329730625295
-0.8249764356678772
0.11127523745365886
-0.7280281748906855
-0.09490618304648957
0.23680935587497431
0.35877026637036324
-0.18104648943418822
-0.5848023745743057
-1.558301874039092
-0.5079251320051791
0.09376096752424379
-0.009753929138439532
0.26610087798668347
0.46382719861134925
-0.04881416337224709
-0.15311649492633495
0.10661930505076567
0.29824121200900267
-0.11463597487132537
0.27634698895252485
0.0812357676978136
1.1642513124247063
1.0119069883325884
1.0422963421877571
0.9943694336620007
-0.035099981404133396
-0.43349211635863816
-0.31225134748214123
-0.09942028524095081
-0.2278124926922761
0.17381509704161802
0.46173614551938813
1.0797566814223827
1.316159310281273
1.1228597628527397
0.9962889725209768
0.45313038969490316
0.9168945302294483
1.0298877279773655
0.7616395971435542
0.5782019909307573
0.36838786132373025
0.20908158552890066
0.3071985882932887
0.6999405772094119
-0.30140522377752765
-0.09190297914998846
0.31582213681027527
-0.5199706391819429
-0.19775341223134169
-0.21056673262808145
-0.06128369632676345
-0.6739010900222221
-0.22727118478004427
0.021220631316836935
0.09323874379394892
0.23114315246504302
-0.13110185113350925
-0.15288383707197062
0.031259946400508
-0.28377706452316576
-1.189930615231967
-1.8607148406286882
-1.0661413011457324
-0.8298045610382762
-0.4661044226722405
-0.3619864140910206
-0.3624498770524248
-0.27413151773265787
-0.4219469678021778
-0.35849900576173577
-0.0058480752072643805
0.18418386621519234
0.4307104261360658
0.06933502338596254
-0.11133235552058596
-0.10043140099067893
-0.13861810597363589
-0.008491944347832736
-0.6056208164811953
0.2763187783459736
0.5578642611624905
0.4912536919875249
0.5253841326819616
0.5121361531914411
0.23991678799257465
0.43957227213325945
0.22580730291040163
0.4794004442599652
0.633258870107935
0.46902103182944666
0.3583602144218213
0.4047189005640218
0.36465598313264047
-0.41568389495922775
-0.47073803654781365
-0.1769693428804363
-0.5690716201230114
-0.12812219465380592
-0.18672332912820144
-1.3593332830389602
-1.0578045439423631
-1.7809812319539686
-1.7248710873408513
-1.8389405758406197
-2.062073303863592
-1.8642505919582453
-0.6371264380103497
0.05119408605011999
0.035209655765960135
0.3147481416452299
0.06053100886799301
0.23595119829150002
0.5001377250116507
0.6736431719450676
0.261622577377698
0.10864325069041081
0.19135063523738738
0.0541063101120306
0.21254514516669099
-0.15406678374606797
-0.27608173073240805
0.3397454868349351
0.36404844830962213
0.17271861560459578
-0.6925187038024495
-0.33594470962521206
-0.1409592651900612
0.47165458845309105
0.46719168678188205
0.4296757578777418
0.6275781909655359
0.5045855810488694
0.2325288074608819
0.6646756363862897
0.5051729902442931
0.17662699610022636
0.2731717114707267
0.4622447333583922
-0.34932380998956714
0.10505272857023262
-0.08491295097611717
0.2853974835836496
-0.814841347250813
-0.23088428946297557
-0.2611398554539083
-0.7725057238995673
-0.25552828665550253
-1.0668309079049205
-1.430712787756442
-1.150704581133933
-1.625239752832082
-1.4124538601733723
-1.4472506233179474
-2.693555398002536
-2.568666807946049
-2.5792336787256915
-2.6508041131554947
-2.0638234201959227
-0.6647159894320872
-0.03832152024425872
-1.330945712148727
-0.30672520556682825
-1.3320490683050736
-1.6284572545845575
-0.881491423063078
-2.2905850120877744
-1.2896630013941675
-0.6876283223117988
0.06013662545820908
-0.31808829303304853
-0.7017801420290907
-0.6631251851871537
-1.412420878648725
-1.530614703405615
-1.4310677402139245
-0.6517523622847526
-0.9678757455050492
-0.37278870381440365
-0.0767944275519602
-0.0018005127160108936
-0.4243485376531023
0.041751568837752884
0.37845931585066006
0.4781977518643371
-0.035561117033209855
-0.019579440859424424
-0.011093320195371903
-0.04340377241711091
0.016907450397670387
-0.1101207241535308
-1.6898546845523028
-1.9182275648587512
-1.1107215204534264
-0.520870768492817
-0.39584759278993487
-0.24400950496722074
0.29962244028114726
0.24154514747942757
0.3540276730182702
0.3405867562832666
0.25200075461070826
-1.0352229899909076
-1.1728116669686912
-0.4832822547304342
0.03126856846369319
-0.9428550493186905
-0.9355575304408131
-1.2074639328067445
-1.8622078155073858
-2.218656317394011
-1.307932267901597
-1.2154994340617233
-1.0529311318942178
-0.910436293212732
-0.5297038763329925
-0.04962855098923902
0.2330886016796304
-0.33903116073196904
-0.6395861348294344
-1.0332670724849446
-0.9167291450106022
-1.099590792163426
0.192041257233185
0.08552517207239807
-0.6740988388719663
0.1783399929660371
-1.0890441793722936
-0.21865170154754188
0.3225104034624463
-0.771938881555532
-1.0200654707896097
-0.672367672597559
-0.10108041040903226
-0.7024260359372697
-1.6013310437846786
-1.0621637097446701
-0.5036171741161192
-0.7522763327350671
-0.7749759083697515
-0.6104031215148337
-1.4035471909875348
-2.0191731793435665
-2.5342396847868778
-0.6837117606646147
-0.07164244340272197
0.2354410537820678
0.45187791315377035
0.298200478258447
-1.004607662105951
-2.1228533937798812
-2.8695169356386208
-2.9117202406902805
-1.3321675908070518
-1.3956438705210648
-0.9440453938213119
-1.230206242815075
-0.9756254668607554
-1.645976915682808
-1.0095211384745508
-2.0509024433998757
-1.2121031028762592
-0.2505703501221209
0.40030976986833744
-0.09059226294109612
-0.24003035073214785
0.26947579291821755
-0.8413358762870643
-0.34908768352434427
-0.1740467119279231
-0.5031726812179437
-1.0856908353590486
-1.255149204149766
-2.5020258584312716
-2.800294309519156
-2.3239779063619004
-2.447064413295923
-1.7866592311057112
-1.067919166591135
-0.8791379187926488
-0.5245066522048752
-0.9593231143058075
-0.6381113491927041
-0.07277987653767115
0.12028054604772664
-1.0490885404469203
-1.4029332123547502
-1.4870395567465455
-1.835654662545041
-0.889173155172943
-1.2915835860678517
-1.7529712505982782
-1.4240185586286684
-1.8981769478242847
-2.5530000855983506
-2.5679301081055748
-1.5793921973228833
-1.4256267039457704
-1.5511159340079028
-2.5182575963693887
-1.9643259223245035
-1.3335184129693416
-0.6880318700950837
-0.7357007751303294
-1.108532108891174
-1.5621506748805243
-0.4319633386180787
0.1378368157776183
0.07258913797132072
0.2254985519759115
-0.08724282859174493
0.4512458010478374
0.5126867138479921
-0.028338531965343194
0.33747957147130536
0.6945247144713983
0.5928860856282151
0.9138733845550261
0.9912165912348859
0.9339645860367373
0.6416958384339994
0.7597794860549237
-0.1971883021046562
0.17173854829416102
-0.3402609470558057
0.35547345593512014
-0.19517881448231356
-0.03936406242364987
0.1129075645663965
0.5965216314843035
0.5592938967849873
0.013546654718997408
0.06340137295024773
-0.9423687954557295
-0.2840798229454441
0.42500982208664106
-0.10639132228256065
0.1777718376495615
-0.12918194576710873
0.18052572160326663
0.48322237099246246
0.5877801207596475
0.5078542733385442
0.5864043447567505
0.5884294055504012
0.5768914794495869
0.2019571101429024
0.7028739629588857
0.7142116069843366
0.6138113157162687
-0.6635420941878439
-1.2333668984404134
-1.3572839171466384
-0.643078686036677
-1.036297535554463
-0.36493610311047464
0.35539250052728144
0.4457229660669929
0.3449567148190956
0.5119671021513875
0.2240424012185821
1.0226626664089031
0.7723254713845437
0.4725253833907098
1.0330246894099644
0.545212520678548
0.5828445387911015
0.6933453367612147
0.9474777102395148
0.8595628723185177
0.37999578976552273
0.5169911696384156
-0.34668939908653107
0.21866779265214775
0.6153003283093165
0.6244356623522774
0.5016475183187422
0.26567268400470156
0.17192308238592113
0.2842268558705404
0.12420512138014794
0.3695894053035479
0.13800937071888464
0.6617885151017754
0.8117381524323845
-0.10796313829862803
0.39834553291878316
-1.0883077986329042
-0.4163751807656212
0.386604988333754
0.5785563756958924
0.7880763532283476
0.7066456748354865
0.7589402864985372
-0.03458725193204926
0.2321124151895647
0.9036198093305922
0.9060962296695395
0.6629410757868536
-0.20528191304604493
-0.6917738443962388
-2.144237234116433
-2.223287392551203
-0.6037233600142967
0.3514913938871448
0.5232174803660014
-0.8442137757799254
-2.3118042867057556
-1.5626274384014534
-0.42454508836104987
-0.2426667419505263
-0.6256437328481997
-0.11015354354232498
-0.48134946138194323
-0.013529113930524361
0.6966164517471339
0.38745446495531277
0.6413192400303499
0.619148035502007
0.5765596729861672
0.7317257476250129
0.5881325758793595
0.7034649303019774
1.0528852031984033
1.3372628496099543
0.9299797414686898
1.0013213408350325
1.1053976968161519
1.1354139500736795
0.043896745312896335
0.26312351491044816
0.1801835621762814
-0.9831330998535804
-1.6196166004773604
-2.321599215172111
-2.5812541314675586
-1.0050437715512288
0.38689765517247865
0.6793184455082754
0.8431506572091377
0.7812516027536182
0.7913680380219995
0.6674066807638036
0.7974075682560086
0.7672363910116212
0.8442549255200905
0.5950780706609032
0.25746376699163187
-0.1834723169184299
-0.8518758909984098
-1.3943621423326427
-2.005818743802132
-1.972803765316966
-1.1132285084508484
-0.8334956705919249
-0.8278092134460088
-1.7083201568637785
-0.9892960022484975
0.10294981376363876
0.6228303423941431
0.8933675003876699
0.6412482944591739
0.13407160920965155
0.19957468231165743
0.16654465878768965
0.02117741831384501
0.1461578957688049
0.5332047149176654
0.5701614541099319
0.6300945268678925
0.23124117830708302
-0.28152693298466513
0.7022853610964249
0.7319666590695076
1.1316217399808761
1.198693017661538
1.3099502907850602
1.2755072582499705
1.220618640176259
1.207631918177578
1.322552110998442
1.3135946661164888
1.307909058104936
1.3254920944391029
1.4395086019041066
1.423042992581895
1.375707349445896
1.3780784334807827
1.6033495399907451
1.5282626706948714
1.6035582064474152
1.504722570791293
1.706354447884657
1.316373704824025
1.5585477533195875
1.5291839650446541
1.2821621624544624
1.301695473918715
1.2765408685173205
1.288535843618988
1.314682484281286
1.5530904845818783
1.496364455064216
1.7128287743962
1.2675148219245478
0.898939868629728
-0.062204214354218856
-1.4750722555060314
-2.3381246398952933
-1.8049619432377266
-2.2958029722419027
0.4539174332057664
0.7659054525375234
0.6481708957137927
0.7353795319236601
0.7256546956040578
0.7837324535331683
0.5910409901435697
0.8705484175728516
0.1867441450675974
0.24286830942471782
-0.0333107878958977
0.11682053494077527
0.5116771055883719
-0.3255031548011861
-0.4010438539069777
-0.04042106299260129
0.7663637561321573
0.8082002899628348
0.30538672553648405
0.5452635635099282
0.509645908013192
0.9570296503174388
1.0311547449063165
1.189290035625651
1.3949932822121967
0.5171324196463457
1.1558565934845197
1.4611462171190994
1.4092676840930474
1.1967490991215572
0.8630380329935109
0.8556319309830419
1.0796758151325911
1.0227453803226925
1.0782802944943035
1.1316279759376324
1.1767019705837298
1.3200262587166063
1.45118941479666
1.2732729621242656
0.5881194988005886
0.8323764249087885
1.146583280565633
-1.2372002998848073
-1.1318370434680771
-0.8924294448432056
-0.22056317630135125
-0.7359117402307925
0.24881497695226196
0.3389021046513777
0.3294060520234309
1.0397777613094887
0.8452135818181586
1.1512756585975787
1.3227721994595742
1.3393889060002393
1.0419176464568305
0.5630075441087067
0.6152030264352403
-0.5913508288722499
-1.1468425555392974
-2.0844555791694797
-1.9385436277986807
0.17825590304088956
-1.80710272247163
-2.1076794926638462
-0.8352136085746108
-0.5306540796259919
-1.7159156586798008
-2.8768673421129014
-2.4038445316330495
-0.796303889648006
-0.44451448493404355
0.10183433892992555
0.09059341989309944
-0.15716471542885613
-0.3284042406314499
-0.6382033204180125
0.2778119852733306
0.6249010927913078
0.8446701118007928
0.9665149101179414
0.9017822294284196
1.010699360819801
0.8810815155620156
0.9739085453382929
0.21549693878994114
0.49409719796558293
-0.13172611284006186
0.3257544822593269
0.5316525928783674
0.33076466442284
0.533936270209899
1.1151077920441694
0.9219275344152192
0.32683655832419
0.9998111009056275
0.6768214686707997
0.7392658804522737
0.09523228911249093
0.3511145864454738
0.24298292833434354
0.2582437210598906
0.4010381636198387
-1.191787386753731
-0.9286516464837297
-1.5574686258868575
-2.127483980427074
-1.133603248908038
-0.8872442285113057
-0.5337631501610353
-2.2925220345947053
-0.81148883979317
-0.9523830369572573
-1.7506643635333252
0.1014103945772099
0.18887350260217006
-0.019643276644870533
-0.09111411749920217
-0.7014903832942109
-0.7522431893481928
0.5004020589288402
-0.5550996455769847
-1.1997512939251678
-1.8723233089796576
-1.3044113384091451
-1.683602807243855
-0.27507554291515535
-2.259580945567422
-0.5908961981615565
-1.537804367555132
-1.4635237884411967
0.5120419965561925
1.1496240610121613
1.3030677890694844
1.3467020392133633
1.307792970669421
0.8746490748012649
-0.18874676802577606
-0.8854877088863866
-0.3031735519828068
0.5216094945707658
0.8236523480247951
0.7265012217712824
-1.1098665660755045
-0.1448186908388488
0.6512916846282314
0.8392251715001583
1.2193701785155455
1.096625418617751
1.1629336032761972
1.2506975355096732
0.983667591918976
1.1589177016587713
1.0278393618750594
0.859619817186242
0.9082806881290887
0.8857190263389322
-0.5211935342469848
-0.08923907852219293
0.4511445184600541
1.0874535110598544
0.5722581614890915
-0.4704765475418512
-2.380697698788514
-0.9426078612274392
0.16151378045073572
-0.7031140092038758
0.9384096249621064
0.9989675240978991
0.5623287500924684
0.0884225084084379
0.10322904833228053
-0.16203569556613273
-0.820796106021385
0.5301074209943722
0.7176378540402192
0.9809603124955467
0.5168533348005505
0.7478235795373797
0.8925676529288354
0.8344820302019696
0.6221185568788931
-0.6715555229535847
-0.2281223557108657
-1.1128467184449025
-2.345028128389558
-2.647361031632575
-0.6524629144559096
-2.23290497734343
-0.11359209285425165
0.7227975603896611
1.1425519762429315
1.0138481360226108
0.6139622221862714
0.8437537838823269
0.024227373389554052
0.7306460986955118
0.8406061320878381
0.36034007971249815
-1.0519869572943321
-0.104366196679203
0.3917218168242774
0.10323360815499105
-2.3116109450298787
-0.4011554855436744
-1.558247854538978
-0.19355227240713868
0.7285299892142744
1.45794868356943
1.1761528047611338
0.6858937524814349
-1.1979528353926638
-0.323979816647039
0.5787371832240028
0.23037599421593702
-1.724448401239738
0.14538363837435353
-0.05581009461182218
-0.8269823152436889
0.46555177847149787
0.5134645531578131
-1.3799512521105508
-1.81649716440804
-2.530978158370333
-1.726140722301158
-0.8850708264914641
-0.9504783918952354
-0.4158681631146349
-0.039665140961336776
-0.48458708915780113
-0.5041124826461029
-0.21167453740092956
0.14271795354754724
-0.4231537581811523
0.43556070348454357
0.32787294450231685
0.7206780130007123
0.5501444879007055
0.25077538750198813
-0.48872573970212463
0.15764598386350348
-0.31324727702715693
-1.2901488472835605
0.016637473518491652
-0.34574532410009395
-0.5497954599568248
-0.07456564248094699
-0.7750009086157202
-0.2719585495806044
0.384374133486426
0.9386312271571006
0.9803520313715678
0.9173816565206087
0.7680438858290154
1.0301109608494534
0.2641334191414847
0.05916705438420633
0.17903014378027515
-0.4115214437369482
-0.19704952051306146
0.17668110557321925
0.2724295549084411
0.2315948547516834
-0.3396488287614089
-0.08931595046062546
-1.7581139522031113
-2.7259978404508427
-2.5071327819917966
-2.6609084737954456
-2.516952524787443