0.25591207275207817
0.5793566036333542
0.6575359592212714
0.43966018407151786
0.5461902361260728
0.4955106331368776
0.6979561661628002
0.7993859429593595
0.8974357475577085
1.0990208165626913
1.109975103367322
1.018674407824195
-0.691433214879676
-0.9267863999993879
-0.25450432926494737
-0.9784130363794477
-0.43611658954710597
-1.1865982910021349
-0.40615647044627357
0.3736748579885653
0.3928961056487801
0.12355061578107121
0.5113376301048466
-0.06478052481762339
-2.028767098766488
-1.7818524465100374
0.39095907350186654
0.9923898711842115
1.060704910888896
0.43059463298797096
0.23816976680362592
-0.4178743618333336
-0.45707339078927256
-0.5023864353089981
0.3201506833589225
0.7598667607559942
0.5347602269404877
0.36542957024539
0.06086440824746586
-0.7519660095394284
0.08767748485476895
-0.4403718211553669
0.012860198895938466
0.4623314884263141
0.45626284704299847
0.6373368527962107
0.7682408429523747
0.6717174163808338
0.826121973721906
0.591417647898065
0.2630434268554742
0.3643768138097254
0.16938113966420693
-0.23824679881883717
-0.12574745503987075
-0.06963581472761354
0.013355408418743955
-0.5923530515363739
-0.45544875764981985
-0.3035900251657273
0.38378759966247467
-0.1551821454960037
-0.34635305265016936
0.654780182888651
0.826109862799444
0.6464382368678357
0.6275278425721176
0.4078228404050389
0.41918841325473966
0.13453195862794945
0.6027162445501093
0.13828238524486988
-0.8451618789428259
-0.4171838975099841
-0.33865358923038236
-0.03484431231790494
-0.5026054132358297
-0.26238500124552744
0.14469727572867475
-0.012347535810833837
0.244046719120373
-0.022354546168699224
0.4143886075898897
0.09433621544537958
0.698036284798764
0.8932306039918965
0.8997172334986733
0.7020056024792343
0.964711872379799
0.8930732047545179
0.9481135931201174
0.9249564989481944
0.917854635549651
0.3171400630416345
0.5910399668086589
0.4471854636887108
0.5410212239079287
-0.33953372255486325
0.611826588718601
0.26180945764128316
0.8784137206492334
0.8878244896788974
0.639024466391754
0.8956997865720402
0.9682391748292623
0.1783039117586313
-1.370795879080056
-1.225569144240164
0.3024709551572212
0.41230952535967114
-0.3695732342629636
0.09061089242910329
-0.22440494079017212
-1.4662162831389318
-0.2814257950295277
0.2648991193658997
-0.2710594629650427
0.46015415316273467
0.4591382550431582
0.627351196586535
0.7396939587903829
0.9223950334877561
-0.851237573047048
-0.21526895878977928
0.22714136215282027
0.5159040266063671
0.9367931383078145
0.5037810540276014
0.28023177217057715
0.3530604500221333
0.5083370617265156
0.8590559720781724
0.8935336008543351
0.7842258029487398
0.6140419681523203
-1.286430910785137
-0.3548301277973548
-1.6929163860266614
-1.808197810748475
-0.7475826128657771
0.36549232546855215
0.11486534664016275
0.16002331502479916
0.3358377209460571
0.8644840429862714
0.8137450663960728
0.5245739116891664
0.6731061819689403
-0.21164514129674186
0.5401633667971931
0.9519050682670867
0.9040069206207051
1.1180397653201002
0.7573684580968497
0.9065316626163651
0.9318750180391105
0.4943337122636817
0.4678919784424993
0.8633546224394089
0.9167817281106427
0.5544331416970594
0.4387895818745442
0.5234665178726916
0.6641252890379185
0.5455165957466978
0.6530687944511208
0.5045046764070492
0.4156620250976182
0.3244696050915858
-0.0333565518459398
-0.052938076638199494
0.21467244843358718
0.4528676509173074
-0.011146652339376062
0.3253014575474924
0.42718634101691055
0.43155384734090296
0.21519473927944538
0.37357701591968906
0.5868241695519483
0.16613693962974593
0.9042666354625012
0.909338885465304
0.6923289705659721
0.7182494749569978
-0.03271582362786127
0.2888178743918589
0.4997006069612424
0.46360223329802286
0.6915558412691609
0.764844033150802
1.1389479857771116
0.9783650385279122
1.053603952636676
0.8826244503413804
0.8824400789284409
0.9652231669335827
1.0456304500637832
-0.5188503547090265
-0.7988764005441126
-0.7978127805480794
0.08274305436370935
0.7491957069676937
0.6205223154698192
0.6544350650811633
0.35992218606681514
-0.003983163243549914
0.2789037817940113
0.7717790083623068
0.4779414460594721
0.317372792316025
0.581961082553287
0.39488841146788445
0.28462978879260836
-0.09056077854906114
0.4402641661146651
0.21098353418012072
0.4644613728981045
0.7636046055054029
0.32668600541447923
0.4640215595268151
0.6352101885362341
1.0469527483897185
1.0673464720058923
1.1969279504497794
1.4858367739431018
1.190138212678451
1.0483553046211134
0.8732642649143947
0.45841641593915783
0.4274660941472602
0.7371026668548087
0.820097170969192
0.908095982761536
0.8194353464649852
0.7251331975100606
0.5821698902442037
0.35357955226393056
0.4817028292544784
1.0589463725128407
0.9965701799781045
0.821013969685074
0.8479230988903447
0.743937744614847
0.7775984831860833
0.9484354097123356
0.5635329795957339
0.9120266235768255
1.0288504812090398
1.0218897736014485
1.065471670686478
0.8978232958664504
0.7305167416753939
0.9035555372883481
1.2834329329273357
1.2471146474331116
0.995314716941701
0.9404314715118163
1.1479309192578664
1.0651148867631484
1.0602177746061712
0.6389435364102495
0.9948043537857878
1.1631713006134587
0.6268365603703294
0.8020324160593166
0.6411176709816656
0.807868285356698
0.8624481772979727
0.8353502227074203
0.6730086142553086
0.29528841272972395
0.6741745296150192
0.8783185432589822
0.9589047737757483
1.3519524721130092
1.0737657217423964
1.2932532554615197
0.5339949306178163
0.67068091642602
1.2061011022477723
0.40713855581702885
0.5353214102590752
0.778370252351098
0.8990631459185288
0.6671056138155574
0.48412436480143906
0.7521843500731484
0.5474753413734186
-0.45761920904630393
0.09345310380210636
0.31354197533983535
0.7581019057834416
0.6884550085525328
0.7867175891916172
0.6812089136923115
0.6701290787775933
0.08225917267255625
0.8514716915963525
0.8816026015767601
0.9630592828041082
-0.5400358094508197
0.28839871745182566
0.6147385057209098
0.6417227752926205
0.8765403520039059
1.0638830968128177
0.991974153653993
-0.3631267178422346
-0.8080567905322712
0.24059871734797006
-0.8757056090971351
0.31919261894960205
0.12119520506664262
-0.5602484822792428
0.4733520635143519
0.688078569185339
0.5527609125538225
-0.278492324389351
-1.5938741586124872
-1.5300468100767173
-0.7868824101899374
-1.261579854732053
-0.005070562253673305
-0.6085284064807217
0.26773060790394076
0.41168607984013994
0.5480377343470122
0.7935403132944345
0.4088314523962011
-0.9515245733768873
-0.8495069699567838
-2.287158794362096
0.3851535229864175
1.057555885340176
1.4524912757760626
1.6095331679111915
0.356285070508138
0.32636034705727657
0.6828986612756589
0.31103816255772365
-0.28042340179584746
-0.044029319392067556
-2.242733263719005
-1.5913697365996184
-0.4326244179091504
0.13282989699165007
-0.07401684889230631
-0.4680649698493512
0.21754364008912963
-2.3830043538541497
-0.739817354594175
-1.2485743919609669
-2.137833387198381
-0.512123133137601
-0.10688713131460692
-0.0044231328581408325
-1.4232409824144696
-0.3493188391053963
0.24961312100839778
0.42025790035440413
0.4421530916719163
0.47998293743120335
0.1072972875285381
0.4228631372974413
0.7204119861977744
0.8434348706538213
0.8509602557124369
-1.1912793004192015
-1.2447500426376084
-0.1300618890917147
0.42297795485186973
0.3526756917107346
0.030285768457770035
0.14814896318690401
-0.3308137144727601
-0.5337951454839853
-1.6123912624762942
-1.330172588445812
-0.9896927650285972
-0.19853254336919454
0.22708714081590192
-1.6474956772391567
0.1740691611399624
-1.0710067151904976
-1.157656419297593
-0.051720933055159596
0.44309958336703403
0.4666981108248265
-0.3800645908381852
-1.4819038927741173
0.03019094434050773
0.427324459211713
0.4009561691401132
-1.2779296730433487
-0.8237620030260727
0.42529890382447444
0.7707524840109771
-0.47326935702434136
0.3235777601908134
0.8399354766457959
-2.1027307870423324
-2.1834421599199856
0.07864944980100254
1.2806498318025548
1.5226164242409186
0.8936339283120107
1.2943418090604282
1.6285499666038175
-0.9598868752388294
-1.313718080367793
-0.30118478948165883
-2.3041159282499826
-1.7280614083635517
-2.8644346965236203
-0.9879805958485564
-1.322441957017319
-0.19424833116238685
0.3164019633403769
0.14792709832947276
-0.09874286694451312
0.7130468669453006
0.48012810999156896
-0.4208690913190345
0.3061217089697198
-0.8450134724937474
-1.2214230943710398
-0.3258754449421283
-1.2362331461497513
-1.529503939515422
-2.601704228763065
-2.0823677296899787
-2.0152600324518244
-0.85871318889771
-0.5084210346184481
-0.329163810562937
0.5446897961581878
0.4004163429311467
0.6020662012538922
0.7496845596715351
0.875489476327187
-0.013019532189861238
0.47530517443217557
0.6303497843729884
0.5944251307444388
-0.2823709084891547
0.020781699458917682
0.5950334614477062
0.4019899447756956
0.9139987530742492
-0.024671426267495855
-0.19431008495043925
-0.3006989995453482
0.2727180516610798
-0.2675873460408965
-0.40780207910080357
0.301317606911784
-0.47196057419817117
-1.1426828573490717
-0.0005391654599037621
0.7840740422843522
1.4264626251829657
1.549515355166786
0.9287753391566335
1.1503696774450538
0.6259195193786974
1.280593256731029
0.8731871732367732
0.3075272374580921
0.654500930825333
1.3676223156027016
1.4603055278041486
1.3090223757716715
1.688228271652038
1.7757419674770492
1.6532107615585672
1.4589738679010718
1.6827194800568732
1.5962380910954406
1.5578207736010705
1.2134072612297797
0.9957589272427998
0.7592210124009408
0.9172823615434352
0.17562065097302393
0.0601747150758456
0.453654390887014
0.21351767005341787
0.6779744335291593
0.9976766835111679
0.9376338989726687
1.0428587129331448
1.2103424121855948
0.5640178676974446
1.185097584147922
1.3025924075654638
1.125568787884583
1.1267664101779844
1.2751786021752411
0.5405363848027506
1.4255887852259013
1.185059941816372
1.4004472792727234
1.1462441549363866
1.2545701438109627
1.0275031714014438
1.1948188913003641
1.6539112491282169
1.6736818845000492
1.4744973901048795
1.7684009715770412
1.5998937872778691
1.806355858860978
1.3279693587244632
1.6003681556831058
1.635039150012721
0.7324224203034044
1.5143590075441486
1.468278704556529
1.3168387465300397
1.3519812735508234
1.4976176699800785
1.393080754277838
1.3452790084052348
1.358016463120436
1.4149243802340101
0.3002190453793876
0.514119724459195
0.7408159755809766
1.0094664608889403
1.0283298991550398
1.336730788299555
1.3747756517096863
1.3607744056571862
1.6289511425930803
1.7889135936598313
1.787032172488064
1.4948931660127187
1.6130562609903234
1.0525938426157868
1.3217486276213841
1.4825300930887162
1.1395728126193938
0.5853036116203614
0.4652236516893393
0.6021913430138026
0.48641931849146114
0.7716300871443859
0.5045246440716257
0.729256610711551
0.6775672971343525
0.8479750091626588
1.1215835715536162
1.4541528252471183
1.2242358235483923
0.7466853135455735
0.6535062766787979
-0.4467126351948182
0.18355756635739787
0.6542124353306678
1.01123418961412
0.8485329027702184
0.9146178790857453
0.7115357611329565
0.8023649037356987
0.6510468265708153
0.7726485659211092
1.0395830204342966
1.155887992206316
1.4767822427436672
1.5365679263183858
1.0259968766298482
1.1097066804679836
0.8984242375984787
0.2536877081836039
-0.4124693705232665
-0.03701773137121525
-0.20104194884381318
-0.2090033309877822
0.47503386073882425
1.0866023111078056
0.9552103540947576
0.9249768622334328
0.7080887305299204
0.487931952728769
0.7849402566816489
0.7929279350954794
0.8323823188139501
0.9268175774527264
0.7147263488072286
-0.17206183020095575
0.12604676276784987
0.44663188651588626
0.8083722526950885
-0.15864629187234988
0.5624208829665672
1.0085670343130173
1.5395211599774528
1.7720554217429187
1.7148351255576182
1.0333373861124855
1.1689628064236828
-0.1389790941916245
0.6958329796507936
1.1897491924754755
0.14697022709073712
0.5776735235690732
1.1782640596846954
0.07835769323087345
0.0034198954665038694
1.294172932908099
0.1354621183074032
0.42799139454035295
1.1812720681060531
1.7900182109612592
1.8486362184893141
1.0923279144762343
1.3029798279609366
1.0906176910006344
1.085545187489566
0.33694871958418526
0.48246868120822506
0.7246429077315982
0.7717654810499627
1.2506967016330142
1.6292232557930444
1.5757589704532249
1.4428540107043777
1.6409112231688103
1.2441864735461217
1.5514664048491396
1.5951888045187705
1.2391159892178607
1.0866128152336914
1.1691032859003585
1.498867956067181
0.41036753526264125
0.2872159172714889
0.2603083960591986
0.19542137298833193
0.663848217027687
-0.05021757857330636
0.7661204920893081
1.1579037099971485
1.164878984490356
0.9481003139384709
0.6845311339605076
0.7526708145590965
1.231355693006377
0.5981380900794496
0.2310793554929252
0.8942841237234894
0.5341159141934207
0.37386314572918045
1.079199042735712
0.6304014251815603
0.8138030940453721
0.9678338729983113
0.9803800601385447
0.7791901569666639
0.7288260525677172
0.8232996330662969
1.033664407851707
1.634757060856589
1.7822047751883947
1.8088715330289256
1.221295573194048
-0.07370897351790862
-0.01954919012475609
0.07557314422046972
0.2792361595568302
0.04846884989968764
0.44270411882573757
0.7859091970130488
0.48695413892848294
0.3977574863092298
0.6339173688285211
0.717061854656972
0.48161286099189027
0.9957210524722128
0.6825790741874062
0.4243618723867637
0.3547003186671903
0.18158075703075413
0.012896669038361758
0.11053535177093743
0.3018040765643975
-0.8008319661949347
0.00887971273998886
0.14875173887048593
-0.21563301296296947
-0.507286401066082
-1.1877663421295481
-0.8007971186785628
-0.14574080730499359
0.520257549174683
0.5053426818863531
0.5781864921258597
0.6213892520133132
0.4751992989019198
0.09404673908434147
0.18553992354643525
0.5312438853715381
-0.1881073638706733
0.33220594520369073
0.25997598787655835
0.2247699443268375
-0.3883002965939596
-0.09052137438449676
0.13621756406762198
0.2513430245121845
0.41950535155352653
0.25024829056956693
0.29931914591156394
0.4719800456081724
0.37003586521470133
0.5319667059474428
0.45547668958000964
0.5533052107519673
0.29122377532043847
0.77830515228128
0.5560134229906529
0.21155764044950456
0.8467925014048148
0.590000407730394
0.6315384522947308
1.045503079228159
0.7226392986565392
0.8929315416444616
0.9169120036127245
0.8527218331032327
0.9128504416492694
0.8423344554365938
1.0255222490470841
0.8966645074845747
0.974655826443373
0.8962001222572392
0.7852710746128966
0.8634151908758215
0.6613090181563059
0.29809941264440754
0.5606444968933001
0.7983310528244006
-0.3836940652794296
0.43413388135941977
0.342829283309388
0.21525801621487764
-0.28745495125638254
-0.15211280205956138
0.3964872668958458
0.732312739346344
1.1875126330146837
1.3256976228112851
1.2365605156232857
1.2542006003431148
1.3256038721701937
0.41131766707607686
0.38758968813948924
1.034484169773206
1.0080383315719883
0.9773167341738644
0.6633358067033777
0.07677185972632697
0.5571653694582045
0.8373856499881983
0.7351167442856968
0.37329491419581595
0.9240353575009759
0.9524662712889145
0.8176999627481195
1.0010601757671982
1.3704875768714497
1.2077920632175585
1.3112914633802468
1.556298196422114
1.1264014945120493
0.846926726458248
1.141048204851131
1.343412790268912
1.0599334884923741
1.079400729146821
1.0493181712392492
1.0802373398317966
0.8211919997079588
0.8429866535782373
0.9257725997339598
0.714085977074828
1.1926930618970637
1.1400233959146837
-0.04544084744967186
0.8491597465280561
1.3305107163529748
1.658647341009104
1.1117300534690446
-1.3085734684481445
-2.0601144804194553
-2.3034307858439336
-2.090380205522553
0.0674866572598103
-0.9300733628737692
0.013977867038236558
-0.05218625197808591
0.8246868967300868
0.4474972459010177
0.4570627728964546
1.1039904951543666
0.613672560624207
0.9507970369401704
0.08876119167570876
0.748460405749265
1.1107988600829333
1.0822303348586046
1.2892767114059187
1.2641711912408524
1.3260800521824
0.8785595444124995
1.4084711355509212
1.754289096194406
1.8369381378608431
1.3380855094981685
1.4070954890347618
1.0580690331328715
1.3066196038674804
1.166975809251597
1.3206198915214358
1.070293876313027
0.7799386357751933
0.5566876398369689
1.1704369294595507
1.4330991322436097
1.5271034675960142
1.6318853152670423
1.5725492833173345
1.6214971138117389
1.6508912647896896
1.5263501504908352
1.8879412396611834
2.038336464470309
2.042269846237171
1.3746008414188053
0.19667398921756674
0.17827059840410228
-0.5528135024526772
-1.713895656616423
0.1630742941523669
0.825228721127753
0.7551031194047259
0.8509830448454907
1.034432754401605
1.010219552774313
0.04803301848151545
0.42548225219479463
0.3850817851408773
1.000490770927557
0.972352042043837
1.2041350073233574
1.0865562232601325
1.225426827493267
1.349854815487054
1.4217050222546121
1.3048081964910323
1.4350584843971081
1.1497096628778434
1.161067871144568
1.5224822073321245
1.5995281104339627
0.5631055977226204
-0.1311465571773132
0.2721753749060022
-0.8293224370208634
-1.2544541364972692
-2.092117855629737
-2.3956677986756247
-2.312583886114407
-3.523959252966888
-1.3620310076571847
-0.5460116940500231
0.03076739587916126
0.16110475713905215
0.16389954443445412
0.293166168749856
0.5271336532922029
0.7006213391375331
-0.19418625671578696
-1.8175612798168257
-1.4515726140106533
0.07230088995661955
0.4035507928383768
0.5097239915323077
-0.08763759711394192
0.3216244455940187
0.8285657090400157
0.8159367703624446
0.39370874138524736
-0.8449335318630722
-0.21946991748458924
0.24687273003418425
-0.03314758322800171
0.4196169493767389
-0.05055460204269155
0.17604828242496717
0.6909682209679392
-0.4152818141826863
-3.0019909560362867
-0.7485187017864993
-0.5346389423699729
0.1750560310324465
-0.37932228294344117
0.15261052131746136
-2.581239379058821
-1.1659612545100548
-1.4224660153647195
-1.3026107409631
-0.6877342061527879
-0.8037913439191894
0.22242861304376327
0.33984770292500927
-2.0885363979775913
-1.080499086280535
-0.5309073001782414
-1.0352428529454807
-2.7930008397057047
-0.42592115789454954
0.0979974731942106
0.8199135250011603
1.027265807343275
0.5272466201049559
0.9020553703610722
-0.18044975267337274
0.887257806135697
0.5505383958496224
0.8839474878282634
1.2634888103685114
1.0481460100210678
1.0392868668929274
0.8590851653616922
0.35289310696542264
0.19334726879260117
-0.11909079168391795
0.32715989848154226
0.43808882461866083
0.4151649287617615
0.8590149487778445
0.9872347348495006
0.978302065946426
0.3176636337492903
0.18943794543012973
0.30926468085788567
0.7687447658437131
0.853832486938434
1.041561856460161
0.8981838423633092
-0.40817706027541356
0.18003883600999432
0.5695257123599283
-1.5178460605848232
-0.5182717654167799
0.21836761041390346
1.0828984826111538
1.2266595269361862
1.5044660135316361
1.7049110070393236
1.8067649233774323
1.6166831358546625
1.3806425792161883
0.9854163146590733
1.0475758831644297
0.7748339968656883
-0.3403896994074602
0.614291405519268
1.4243804493261683
1.420862714063453
-0.2969464451629601
-0.4740108188022315
0.8216134252740435
1.0582587759149342
1.4019873177731168
0.6020003643737957
0.9530307141882205
1.1430594801271359
-1.0989050951295958
0.21899924978684532
1.0539054759113329
0.36771510182341294
0.2187205252521482
0.9851265509479761
1.5456451702626448
1.0287161788219814
0.1821924584212538
-1.2936689574635039
0.5672563536486187
0.7108586056582233
1.0708990398229212
1.0415411355423791
1.0200269100634731
0.845823732152758
1.031292771775682
1.1078413535185512
1.1242735994723152
0.019687372238609127
-2.498987198962882
-0.8159902163027531
-0.2131702294170574
-0.9094719364891644
0.26847895527018784
0.46001609625654194
-0.16831770248286823
0.2051210380019407
1.2685208068493652
1.561596393485466
1.610719927671044
0.68212936726413
1.4382232251864677
1.0153094145917316
1.624822248378351
1.6724277841899522
-0.23604848961997557
0.6148114671738253
1.5035751680073404
0.7618561976504081
1.0961492171443776
0.8873310518300094
-0.08420227467510569
-0.47607418014679226
0.9399048907554122
-1.5960130014180043
-1.3246406765870413
0.5671230368759236
-1.3106284910236836
-1.1163913765264848
-0.7346468413959909
-0.5509359884019425
-0.48125914347466814
-1.0498738820354245
-0.848741801257261
-2.293441658268059
-0.5479144973655251
-1.2309040171592787
-3.67810195960689
-1.0886256986120488
-0.17602149533369796
-0.16890826201274065
-0.1900425589647244
-0.33832440335710257
-2.0352194332670246
-1.322499379831652
-0.901430052077216
-0.46839367397579845
0.4154409365780063
-0.2570614270005954
-0.16200745675840014
0.4498717732662477
0.7818759109973493
0.8754132428078544
0.6595548777136343
0.26472921934528904
0.7393436470326882
0.09340264142467025
0.4948249298745314
1.1630009509100097
0.9424994114905817
-0.7141430931343159
-2.0528277623545548
-1.1597322123021387
-1.3277343474833012
-1.5968673254867183
-1.364134446390085
-1.0517763081866336
-1.2634914699057946
0.3099686572206421
-1.6996436253513911
-2.925054811255528
-2.2199523033182103
-0.2520450966159975
0.5752060856823935
-1.409535242241056
-1.742588622471598
-3.2097103175173207
-2.028837521172147
-0.5630256188903426
-0.6275695799007889
0.1769481064881121
-0.584462769668774
-0.9641092034094796
-1.1314832495825735
-0.8421100128341465
-0.017329255871327304
-0.23672999606151682
0.3962539770738158
-0.6454410647785497
-0.049120701956563456
0.23533227957606523
0.7301959944554631
1.109245722924531
-0.3984149664828116
0.7925211808729138
0.8570729185898309
0.623527181910147
-0.5649289287994244
-0.862924172448837
0.1539912535831995
0.11759366286497706
0.5157493521152028
0.4903093283143176
0.8834683101177787
0.935701631747831
1.0205104575794697
1.3191634900327815
1.1344264090652907
0.9329562623082013
0.959102509774763
1.2115756445030537
-0.04848330080316007
-1.1328135894496496
-0.43662754603550036
-0.7957622500549665
0.05987073095793463
-1.322010153701056
-1.4677003079754996
-0.5437331707158227
-0.04216314928179518
-0.30469540400992456
0.21394666572698504
0.078262849776149
-0.43331529539366864
-1.4167050231166285
-1.6522385547034568
-1.5700739883492654
-0.42891226281359063
0.16776272059935
0.12289637121928074
-0.060417628639327425
-1.408837614502987
-0.21054767166098468
-1.5183974288520792
-0.09502650071169047
-1.071429756763272
-0.5120205584017867
-1.8737226086243501
-1.0738732352421034
0.12107361542602263
-0.6857093648590868
-1.755473241488488
-0.8501962918651081
-0.016290675370037172
-0.47454698302310083
-1.2385616844370868
-2.5756302795942485
-1.6269382812878348
-0.13211962664468072
0.6683599633215156
0.4239461071235182
-0.42912366598098817
0.24800671863274687
0.18156091189895074
-0.16905629760366023
0.3409292162477973
0.8167218246560997
0.14124293718878633
1.0298305993145278
-0.10583745837830655
0.8028440733345193
-0.7283084478691724
-1.208671351198172
0.3372144877302372
0.8683254832458439
0.9982550393270458
1.1198739847343067
0.9612501212188727
-1.1323740398144277
0.3518576053714616
0.6652500338159151
0.658634022228846
0.341697426646736
0.709896771560751
0.8103734388199616
0.569464649189229
0.00903526741487544
-0.47740725545303486
-0.954732689991195
0.4837387083647209
0.6912307213339874
0.6335575348818068
0.017208726544885977
-0.20230353895863382
-0.18928634937281538
0.1245086123848274
0.11188403176597068
0.7465011689497975
1.2408113073581477
1.1311493821014187
0.8563782531116475
0.25757616225836355
0.009099154753031108
0.8210894961900183
0.9094683527525621
0.9775488321104214
1.0237572851563486
0.5972205873188877
0.461231520171294
-0.03829938837832292
-0.21139423171659202
0.49076010485297505
0.5926831758775043
0.1586442438706579
-0.00037088919703756607
0.7044567586741132
0.6783137640222568
0.6892472879962412
0.8352169062226185
1.1111321104806557
1.2453536463365609
1.1081309462391549
1.0738421592176604
1.171638053468416
1.2266820587788192
1.405683244207578
1.399077525453893
1.3855686291372376
1.4796653023260196
1.1333919383535187
1.137677891376307
1.3036251824464713
1.2480734876974888
1.3257565571481496
0.4704398362923652
0.8727140864574755
1.1066919462776525
1.06364898405695
0.516256463008344
0.4688693334690731
0.23970186250828782
-1.312007356694737
-0.5089165723448836
0.3472216425495418
0.556615078139344
0.3727771242375475
0.5136033912923174
0.7936623745981543
0.613592384289987
0.16324012026731027
0.6760510451090649
0.8764717992175747
0.7054900569949955
0.8823840614502634
-0.21991677912257648
0.5662432924266408
0.3585110818803888
0.571897162766821
0.7947751093882786
0.7694035165864502
0.7310699813098629
0.05311284312149325
0.5635620539446675
0.7478315346586604
0.9307579762679197
0.9182270221948817
1.031735668812642
0.9288054435106723
1.0208813490382749
1.1552729665480448
0.9571959709782482
1.0831711327992735
1.2908187149937984
1.3755015693385224
1.4618191184313105
1.7313820080166396
1.8678156366234737
1.7222189477037826
1.7787844752108053
0.8691340231982679
1.6736203960974723
1.863170483548427
1.73304986316496
1.1494754220286065
0.7808741768921733
1.013782511664944
0.643950948276105
1.1013847695131875
1.033503852205263
1.3450956777861585
1.2362609243483602
0.9715160090562298
-0.02934485424908176
-0.24447542530912822
0.5709008027052632
1.3445825803175784
0.9377038475681428
0.49144222886030675
0.8327067459193833
1.052564025074396
1.3440948335430807
1.1986525300820972
1.2557369336425965
1.3861695252472843
1.5030689800446684
1.4701242676588895
1.252880551016342
0.9849276683190406
0.7958075202012521
-0.17795043535425978
0.3958051127808825
0.7286878534203265
0.8450689424865688
0.8245764964035447
0.7948397881025114
0.693497485726765
0.6204294583130809
0.35609676810207946
0.744668386530324
0.6642625654014473
-1.4632699889081864
0.28762442461238
0.5507560576136378
0.36077099282599623
0.2564209330296416
0.4279818567483885
0.4902068686981468
0.6801798958474303
0.4726492507605169
0.3685452655504069
0.5198078359248433
0.651607026072214
0.648690867413074
0.716366825516517
0.757038290404779
0.8096574089054952
0.6715209736157628
0.8503934156186546
0.85865247537351
1.0558804766539232
1.0097749078384108
1.1280597734815696
1.2746745471635075
1.6149986338667779
1.7364415656928216
1.54892115762232
1.180029489313362
0.878237361849904
0.4968514848258452
-0.375590030212805
0.13109735937252845
0.2225416656934704
-0.003484264379610663
0.0004866920252295237
0.5861920750728161
1.0437819269438855
1.0776544027961459
0.7427632011243199
0.029238829031918878
0.3314149908647993
0.29284186913736643
0.38084089435808854
0.46780648078032494
0.6524809567154775
0.6863290237884312
0.8718578110059421
0.905953929233419
0.9261568002222232
0.7499473011621707
0.5302792573938034
0.7276213033484158
0.4380665357403932
-0.2450716500278112
-0.9051450811575974
-0.8359377583040726
-0.738786560992874
0.41395157920591497
0.586697150158423
0.8240170037279599
0.8415643990395273
0.9424967083187094
0.9350792320010116
1.10181889188042
1.0659726868362411
1.073430189678128
1.2787775978155624
1.5697601982443394
1.1919406304170876
0.9711243677479656
0.7157414546881873
-0.612612770284593
-0.893740367866086
-0.08739866407864386
0.19938140833931978
-0.03242606642946361
0.7773815019274106
1.100163088075316
-0.22314138316294238
-0.745820339452867
-0.28074780613051675
-0.025591273141592208
0.06729730794957055
0.12357952184804735
-0.04347101286444982
0.39832015203148574
0.20354954264504058
0.34098378175316246
0.20554358143263324
0.4666602353943553
0.5020283573234338
0.4826613537796265
0.7151414934195182
0.36405088512016504
0.4275633942601921
0.6017574960658308
0.4829445944863946
0.5459937333258382
0.5602577954344793
0.4082659172421814
0.3484395493944218
0.5709223270647166
0.546955715540221
0.6337608692964883
0.5463414455488516
0.5438045953254864
0.6407616373346404
0.7162212595662235
0.9138972477097361
0.8936080436413555
0.7325349206584804
0.7005804900735776
0.8362594030935153
0.6982412937527583
0.4253104094036748
0.057731123758201205
0.4588334860730522
0.5484216517816806
0.2064012208680295
0.09858489471363817
0.040332710738060745
0.352996525311302
0.6368112335643664
0.10896996662424752
0.36851356715802097
0.48303410162266125
0.5108661095428165
0.44448690324433593
-1.5732535760670747
-0.9162356980439217
-0.44111817587447555
-0.7574348641284476
-1.9687551051229428
-2.3142846341133936
-0.6722827236258375
0.292347507512507
0.6116986179680494
0.9091892748830476
0.932762222351442
0.6273670770203633
0.613195348785394
0.30737688368358435
0.4613962773672441
-0.21300861612454633
-0.36354647914368465
-2.3494340951002797
0.0840785723727541
0.4101431255431406
0.5701190972776301
-2.217568632825143
-2.6854874129124258
-1.7690458136370733
-1.0348598359977073
-2.608213780475004
-1.1312218681977186
-0.8833405106729602
-0.9556913872377155
-1.87393966722542
-0.6988367607124482
-1.1047243313207047
-0.7406984111903001
-0.8703055955859456
-0.5364884004762734
-0.3893884047637989
-0.6872030058998285
-1.4049782724142164
-1.9327571440666371
-3.37052796398961
-1.3478736891863203
-0.6140301526966094
0.11714440769961071
0.4644403250676966
0.6098752333856894
0.977708732813456
-0.3991747679887575
-2.4262537395496753
0.03673093118149208
0.5202572621587852
0.9926177553782844
1.1191845837098706
0.7609795724029401
1.1708944847258973
0.8067963401837629
0.24177516805137733
0.8499299072571408
0.5643212490973174
0.6830467834065611
-0.5305975970816001
0.89176757752413
1.1187571144214268
0.4033261850706752
1.039717718864328
0.25466878721411806
-2.6151753254507764
-0.02476747832589357
0.31317627678055215
0.9547823924274184
1.2644196380867334
0.5094487170588251
-2.255774366816597
-0.8153492268873198
-1.4517061419638235
-0.638746668111476
-1.6181461061629545
-0.008091163521981887
-1.0957830149179661
-1.4370424721245425
-1.744628556593847
-1.7384910039379344
-0.9346936043533056
-1.663947501115317
-1.6082268250149447
-0.9252185257623624
-1.8689137763456762
-0.3252174961510984
-0.7577437533868875
-1.2622378644708452
-1.5693816706616848
-1.9484182230548217
-0.7670600523504015
-1.1644265495484587
0.04710388896166144
0.07578245122148854
0.01591343886235802
0.25326015457229034
-1.2070539838898628
-3.2274865600230003
-1.7432968314675985
-2.960107699057469
-2.1999273028056385
-0.9546157679090468
-2.425592474029477
-1.3383202620867531
-1.194081957678698
-1.371569698313867
-1.395873311134761
-1.4247498860257015
-2.808757564861313
-3.2701451381768853
-2.291594064790699
-2.8296016627336726
-1.8619192017823931
-1.407099906115032
-0.9933571313242355
-1.070121582670224
-1.6960812922020057
-1.1599753905669108
-0.8155560481385742
-0.7854720051787747
-0.5706548187295505
-0.6764229025457628
-1.7590409583859083
-0.882082864582626
-0.3786256360937933
-0.0633622882630464
-0.32947611648722963
-0.49217346472122947
-0.13797621710289062
-0.39906883773782353
-0.37615522357755093
-1.6985298248977752
-0.37089598407018376
-0.03496672027450398
0.089889264662182
0.18386621963902433
0.033657364478193785
-0.0046087470428901045
-0.3412777691233113
-0.1336549654436637
-0.10999649369046116
-0.4884108232732737
-0.2115818172098536
-0.7118634700520144
0.32017979726822215
-0.3719535904644017
-0.7070320365713167
-1.578905543210943
-0.24667652845821622
-1.4509138426882182
-0.24343560146295048
0.4638179767120738
0.4603606739312718
0.46796571496872363
0.31523063925854644
0.28030874872140293
0.04364435785542248
-0.5095293476545837
-0.2236516153665917
-0.22304141381924866
-0.0574457097551464
0.5180742426227145
0.6495665520403556
0.7926175983080775
0.6651312701277085
0.36891493340649484
-0.6128536565352618
-0.5896308045827823
-0.7237485985229767
-0.33924987185101263
-0.39445529824318715
0.00876368572153946
0.03698030581020853
0.16026557445298203
0.1588011068203969
0.19273943364530582
-0.23447118715416335
-0.45960730299458474
-0.27114138715528857
-0.14944357243912423
0.14769826491675528
0.19055651881076807
0.10816051875640864
-0.7743188358075438
0.2332880021323892
-0.02125145402237566
-0.27727613038408694
-0.655786209458798
-1.9080397714901542
-1.1690755015474956
0.35874473305635646
0.5325504966790875
0.28918637424293037
-0.599632500512524
-0.5262081886875769
-0.6621960553439563
-0.44329120463340455
-0.5338233322144521
-0.27433989206585196
-0.1073425409983009
0.21054752943479915
-0.16314777556545243
0.27540854350061117
0.35458667968421304
0.3596083136284648
0.30546970999975953
0.28129423216298577
-0.5680473843604769
0.18339067607573198
0.2223317697731066
0.23501015925042817
-0.6883643148664514
-0.6091510814499956
-0.16496933314223647
0.024249210858828127
-0.021096962640078737
0.05594019370293739
-0.6808765387967691
0.005180792524261457
0.3811127873939867
-0.0631517015218088
-0.417531785863931
-0.7742307768588748
-0.4086988072152361
0.10965167106272701
-0.8732088055712025
-0.10957205309544016
0.16230207792920082
-0.04442136422698323
0.24421758759053191
-0.27754289047070113
0.03558561192818986
-0.025688605002531756
-0.30007313662681645
-0.406649645404509
-0.4197113527860038
-0.4612522878085109
-0.5318250325616303
-0.39506761284256375
-1.3825785760788267
-2.9669286485292687
-1.0367148083614364
-0.22178805051411968
-0.7090613606744379
-0.2658798567847257
-0.615463884459729
-0.001343097709830654
0.734054841283786
0.6956576200690765
0.21625568530133749
0.7252376577717872
0.45393255547513
0.276853408687636
0.2160600938745077
-0.15991627883851564
-0.03232125549678688
0.1297631844006492
-0.2613144189951515
-2.3262667933834518
-1.1068378341260972
-1.1396344543995107
-1.5702794149000274
-0.7961310442834565
-1.1494440771795096
-0.25068517006691116
-0.9848139191207581
-0.4466222281362001
-0.07828486065306894
0.006757572408764817
0.06537441880416721
-0.017415311408500694
-0.19400392606678515
-0.4096050301849671
-0.6009413115396361
-0.2667153483344401
-0.24522756830948458
0.2808181960344624
0.014966197126718303
-0.23692890845899126
-0.8172250640393012
-0.2624798479411157
-0.49419683795612124
-0.07334759488145737
0.11522558573708508
0.08702677277476913
0.16541581681697679
-0.09156530547493347
-0.343673217645456
-0.09417768180298924
0.11120717911171395
-0.1841720272543678
-0.38829264600875035
-0.08561259881386618
0.23969913051646718
-0.057307597355891554
0.03894045192019442
0.49001120212496385
0.581853818493964
0.3194494641260942
0.32797690337313734
0.4443491513014878
-0.32423834397527973
0.2059469863174455
-0.22048907842492463
-0.4474647494181978
-1.0608197008535765
0.016756325670031505
-0.25324415782591725
0.05012040286065682
0.09258683218125674
-0.587655655020381
-1.0855343628716627
-0.9586890091846878
-0.48404168834640127
-0.45429096826851134
0.11821935407402595
0.2126295723847917
0.5251489990637259
0.5718046362045393
0.2873896185716916
0.016230659876907652
0.33781908987958253
0.5490928720417426
0.4317837564138296
0.5907676375665394
0.784916177227674
0.8200806882079124
0.8280179011284858
0.8647632851220202
0.5026290028439152
0.8365892850262319
0.8106808738910858
0.5946080608509825
0.8580630033663712
0.7168092001948716
0.48056965893176196
0.954544272060364
0.7936048686966644
0.5497333438647483
0.5563613877367756
0.711860465684441
0.5526183988508507
0.7639064746639082
0.5840541081016448
0.5172176089481527
0.5064255788238005
0.8841358677507434
0.7359063073647854
0.11757372296164749
0.734014752150688
0.857426695977935
1.116464760015715
1.2064444385361233
1.022995864566019
1.2397187186416074
1.4481947732486817
1.1032880099029234
1.1477401543362162
0.4974010635804669
0.9255114375910071
1.0140564331292163
0.5633613113268364
0.5495100742280681
-0.37866210751879614
0.0436839172545027
0.3976452832570081
0.18417006535037572
-2.1303409893808753
-1.5434698030868907
-1.191892946877976
-0.425354204518659
-1.0482686406900639
-1.8585620508966871
-1.184564857043725
-0.6884666964425908
-0.9105455711849364
-1.4434845278830764
-0.8089534304527285
-0.9891802028482344
-0.47141313427919285
-0.9081944234199046
-1.5744669237760631
-1.084292530287133
-1.3333970846212801
-1.7212382359140428
-2.783450477427959
-3.7099788534994738
-1.690956575776038
-2.5335688144676594
-3.044144606640031
-3.0494916236577296
-1.0161879111784493
-0.7931451231754177
-0.49282619000148753
-1.1582493199832489
0.13544341552994174
-0.6848694711195451
-2.894367034429695
-1.2452950849956868
0.008528692994883638
-1.454031140229025
-1.6662014373179943
-1.43681258203755
-0.6830268937669561
-0.3075226609318541
-0.05477061656510948
-0.04734850129097473
-0.10765696641912434
-0.18259863762297393
-0.3252489024032048
-0.17303944843068034
0.15122355540452237
-0.10113839477167733
0.20524817730032927
0.5133301262403789
0.6527340738205275
0.3383827787435395
0.3316277980291903
0.7945094667322468
0.8217329592186815
1.0627296284361707
0.8111524739493622
1.110011858237117
0.25777447438237017
-0.9124302057314795
-3.0452700833554047
-0.4742119782945523
0.39439946662517955
0.3074942914595624
-0.14081716863856256
0.17706369430200955
-2.964767243818036
-0.8691313033941106
-0.047284024626059934
0.5980789697875292
0.6585608257469361
0.806236508199549
1.0152789664845252
-0.18555249411142852
-0.9693198588763432
-0.7820425059910374
-0.7286420149166243
-1.3558792123280414
-2.418188074831409
-0.41000697974216016
-0.44965060224582276
-0.36981092214857847
0.16668124919043315
-0.2586230666412296
0.47463797138798536
-0.011617016489716192
0.127925178146044
0.214139312030447
0.5491186874192387
-1.2305124815377155
-2.8121238173341774
-1.236507771057175
0.05437007665724011
-0.25297180504132777
0.38615485436261787
0.21971611639761535
0.7098047369670077
1.207623701007877
0.9319904820275217
1.7685725991908068
1.011893778599399
-1.0546804515936516
-0.18417609849554736
0.415187315986535
0.9832554364593689
1.0411667627856136
-1.1133901863285858
0.5131331425234572
0.9421135739440349
0.1718005953424696
-0.5533875346310348
-0.9477108425821643
-1.8375215541152594
-0.9130942125985335
-0.2682199204251613
0.5021888301914752
0.6115682238370845
0.908763701162049
0.6887344445954849
1.2257504959819476
-1.747180625468198
-0.8106092765009116
-0.9451946943140888
-1.902257747533011
-0.013662497320069827
0.25013677691385905
0.46827100423213697
0.7351434351998702
0.40040090023894204
-2.1427305633962246
-1.0114271127487018
-1.1100323629004794
-0.6362054401259493
0.27243497064632555
-0.5662995825240428
0.10947443296274725
-0.22261107057105248
0.677727177786645
-0.20141637775381108
0.4884332369954476
0.564311036312614
-0.2081618078400064
0.13101277457199498
0.41318008949937546
-0.26933779438481187
-0.3197459576975863
0.10688387724198428
0.6004393261582888
-0.9267453174022693
0.044755393685374595
-0.06908774958404434
0.3799887194625492
0.22764298419216256
0.2626577241217041
0.31981347658582127
0.04317457274540866
-0.06862007294562181
-0.23040115550322252
0.3116788512908602
0.2294771662450113
0.24368208605985092
0.47907761192906284
0.5853435580413329
0.6865891317033979
0.6850095037913072
-0.10543501666203003
0.24834908084060667
0.07317693565190608
0.056022006058103396
0.009236236184634608
0.21339015791254615
0.1528351484256042
0.08510951829652678
0.11533973134862376
0.16333733966807693
0.4630380525629353
0.3027831670954122
0.14630301844703472
0.5147697243640134
0.5318821833224311
0.3426892651320216
0.5689487969847616
0.647563305694446
0.7021508301688035
0.6746614155860623
-0.07426333575982919
0.38207041521748797
-0.16371335063851664
0.2003786121837856
0.2668918173711808
0.15099732940730912
-0.9613531551539587
-0.5767153845415389
-0.24314275370559904
-0.8596472030451552
-1.8156818025125474
-0.532514174762418
-0.5700708590388479
-0.8159064290295932
0.10494099531339705
0.11737521626948591
-0.8218273330827213
-2.749272128969252
-0.8792132309682994
0.0854942155901997
0.21222228944431193
0.26494872575889405
-0.21449860199969498
0.34819363611784837
-0.0002455589991820495
0.08539720696057423
0.09036044602541576
-0.38705656540240707
-0.03154836475087511
-0.06478262953283456
-0.17151356747006766
0.04055572847296712
0.2177688968120374
0.4795842822431453
0.18996089347540968
0.6275326243763348
0.35954608961441015
0.40034816497071846
-0.08532743639320409
-0.06345376134352693
-1.1994963036779456
-1.2817991545664
-0.3024106051081533
0.2653210846447226
0.4802678217075742
0.2486974892926181
0.22464619405352063
0.32936671609750373
0.5672966824016846
0.6091272830400748
0.6189657607262418
0.790904641988457
0.6575217886249727
0.8402708058853194
0.6532021656081539
0.7093661684264275
0.8327496799558569
0.5911782682983655
0.2902565464397063
0.4425111103409769
0.7388329384815895
0.421538559013518
0.5110115089702562
0.11206014367240806
0.21831377374505584
0.44165075210013116
0.19045455592874466
-0.3136479883783674
0.10760358697347472
0.39823264104939304
0.4630367329269722
0.5884236901039273
0.7458693534613364
0.4374812892766987
0.43341240985550844
-0.1842252586670637
0.07046353690485156
-0.0459710153260901
0.3920644384903783
0.7706693836910155
0.7710095929381392
0.8392272155144117
0.8389427766990125
0.5884958599263304
0.17244939766356882
0.19130697715567474
0.6537940664045271
0.5963093436120904
0.052718661193829244
0.03984827833420512
-0.3364879149098504
0.25890271988844266
0.5930521843763429
0.17129107376662642
-1.056582318287387
-0.5177681491084851
0.4915351039376792
0.6780426691973479
0.30684266596621346
0.7945052502069818
0.8362307361349068
0.8303402721452059
0.6835678356393008
-1.8398512603150794
-0.8084325453792046
-1.048797294681322
-1.9468158744996351
-1.015943174251222
-0.578460727560384
-0.4044705318381653
0.23641660274534482
0.37705701499490174
0.34427606118812676
0.39693879088096284
-0.1388227708006979
-0.6771745077624284
-0.07241641376692023
-0.8292096727825131
-0.5178758393147523
-1.7278372309003136
-1.7857235251898431
-1.3752599774275
-1.6537138430339269
-1.2838744266746842
-0.6939720492936743
-1.4319718182865218
-1.9680601001225304
-0.7576210862542195
-2.303619714978809
-1.3688484560915726
-0.6291691673826114
-1.0742434769298386
-0.6047789066229492
-0.29237882876906995
0.22545853484333905
0.3563408732202572
0.2412204259179483
0.29112311378739486
0.4451743008910479
-0.057987540154638056
0.019508523065154715
0.5698484129887698
0.6659419822727477
0.565422500940074
0.5646045307106218
0.4105182975711059
0.6738384413401528
0.7203462644641068
0.22994816131507612
0.5572125286954334
0.5330993902877721
0.7335318882796951
0.5650981679503438
0.5969366618323979
0.5077024175768298
0.5569140721594246
0.5840344973341737
0.6795297975973674
0.7759345088355625
0.9266636003655571
0.783902400176713
0.7537006917652664
0.7714171431440936
0.6884312519022996
0.7254421962678952
0.6059711101148664
0.7946480493938614
0.32005623207608946
0.2933629632472139
0.38960190402639894
0.4107235244072266
0.03488519315480075
-0.4848203801857708
0.05977241139272342
0.47508755740672626
0.7920250152343901
0.3288603606430285
-1.6785191288068209
-0.18080012986766777
0.545529575142039
0.6663191754428142
0.14864190582577402
0.42499905605643595
0.434914950742489
0.46360272327747054
0.01623307163961124
0.32017638319345776
0.5199748965841541
0.43268600487664644
0.30451565657223656
-0.019254316882880568
-0.5648842078590947
-0.42251060314723987
-0.09751834866925077
-1.0889706292287482
-0.749870592922367
0.03898377510325188
-0.6058538800318232
-0.24958913349356152
-0.22791502864747223
0.07372143615936459
0.22795776725732514
-0.7231085349720303
-0.5532881962139847
0.17504070632624544
-0.8768154171621043
-2.049518246303777
-2.1338672302623705
-0.563936622584338
-0.6130051752267158
-0.6902317984225395
-1.6437165051895934
-1.0887507020155174
-1.027998366258694
-0.3937359162821117
-2.5901314884040785
-2.201578674018967
-0.897007065721733
-0.608702545934684
-1.3518177680833114
-0.11664182308361362
-0.08160719711721981
-0.17945769726166924
0.2760823394528698
0.4401251488229191
0.22314504392584295
0.4942819400526395
0.0696328120649145
-0.4052480797732465
-1.1480556741477455
-0.6496444472101088
0.24817738822158175
0.3985098193575969
0.04293047636397489
0.4153695691375332
0.38889793010031215
0.2594201505700524
0.3577222731596417
0.24763138991949857
0.07884136424216515
0.22919487422539397
-0.003645851940279221
0.0411770050186025
0.28394832496930145
0.3320026875461488
0.4805848601467426
0.2670985465714701
0.07371422158895999
-0.06949923397889385
0.34618576657605815
0.3634069514928895
0.543715568560713
0.3443076532727477
0.3033698378817791
0.2862265783019272
-0.18205081103765983
-0.2946424501313397
0.32112399140448766
0.16250302755682788
0.33771415818596656
-0.2884406502707305
0.2041681531620949
0.37215596044574595
-0.7660689873390956
-2.3251481917278145
-2.381005255312864
-2.0058466622939486
-0.9894878787704651
-0.9999187269785825
-1.7410034300889208
-0.44483536398652224
0.1681245910718061
-0.6834043896127725
-0.06330804568666545
-2.3609710477981127
-0.4688089168265266
-0.5251305301824701
0.0886599616732554
0.31277631532800937
0.11598887776938133
-1.1431696121584394
-2.010752667981182
-0.17196723670133493
-0.5206366759207202
-3.310204329235207
-1.3011157842569079
-0.26519477441061123
-0.0720761653822114
-1.034111746266225
-1.26394905703269
-0.8501445688042585
-1.0223087040954468
-2.287996161692274
-1.4994091810956822
-2.2016328921214243
-1.1386390651969323
-0.7132353014278903
-0.7814870330178876
-0.23380340053616736
-0.7557700499335911
-0.4556489084767813
-0.419640427343281
-0.4755406457676554
-0.4702552640636769
-0.22933159399118705
0.07039241937814725
0.2606797246157
-0.03382978827426861
0.273151697318443
0.23304663762500477
0.24154621702413603
0.45419845005679216
0.482148712372091
-0.05523150608932978
0.408823894331095
0.4467714755212018
0.30915921543913594
-0.6096348956077651
-1.1393523872124056
-0.2936134522337951
0.23740017722738985
0.020037968710546583
0.15032390656200978
0.48577195841886744
0.2968895833687858
0.5259671715934991
0.5364798176366009
0.8357813840170945
0.31667568174247374
0.6389046550899088
0.8607686229882494
-0.10074352554154278
-0.7288757714788854
0.4125540622914742
0.6924133171647531
0.4053555995739344
0.28941714734834373
-0.16016340592193326
-0.7217990414828436
-1.262902983371856
-0.16570622982691416
0.08148338597974013
0.11472521224646978
0.1500520990245216
-0.7557430782446459
-2.0023405890567907
-3.3443899356657503
-2.0512781574981935
-0.4120041060854577
-0.579761109701451
-2.1856556962365987
-2.0075600289112017
-0.7222987370555507
-0.5645957205019912
-0.9846462071301156
-1.3815256541970218
-1.8541059955731487
-0.25269026042305265
-0.5073599403678013
-0.32024710997214223
0.20725431973404224
0.4350596182436627
0.38822601882508667
0.19831861420051206
0.6514017171255069
0.8508133300910276
0.6760403874475143
0.718475303430321
0.729969917122053
0.8075502926103075
0.748670424727738
0.6478949733744379
0.5185600621308224
-0.8498096663415364
0.014448439337903518
0.24474768851133272
0.4662662965290867
0.3078548855224734
0.5895514513408371
0.7559001926489458
0.6726508156664631
0.47612433783874164
0.08847460567381371
0.551252945101799
0.652610105297786
0.7519751164011822
0.6911627506145596
0.5918711892660601
0.9557224525265041
1.0943223393217096
1.215691433793774
1.244265901423075
1.1217169418383626
0.9295922643588965
0.7231525280618312
0.6249207711928211
0.12342679913773413
0.08184327446206255
-0.16235607622696205
-0.3530199374641141
0.14615638462452374
0.5715133976077051
0.608780748750381
0.15729165550188762
0.32708151057399704
0.16112101617808
0.526858609776208
0.4920309902921921
0.41907085335268524
0.3523149780069662
0.43819204606904794
0.5198133606791067
0.533873771591239
0.5464972823732205
0.7372776195547186
0.5710116845723169
0.5565990443611261
-0.49925743694214364
-0.9668286251868614
-0.025786683698622748
0.1988803496930573
-0.257876607622737
0.07452609342884498
0.2614689571453118
0.3922046796108346
0.34695976508254034
0.40471865749564584
0.6078091024816032
0.6830594656614448
0.4813255190567213
-0.01123668284074103
-0.30445074705467357
-0.02008112001289658
0.1650337262000352
-0.12943063680790692
0.1273482913729344
0.3375609176164793
0.27969979199691497
0.31732114604742867
-0.02114804346071128
0.4105944432548404
0.5252475089271303
0.5334690087982339
0.5788845252044166
0.60400027046335
0.4524263831003741
0.5703883944489987
0.599792467289771
0.6116235540309497
0.6368652762581833
0.7337407111333326
0.5598573872661824
0.2978760790447777
0.2542593328226608
0.5633087344659119
0.5767014823447114
0.07625964154316242
-0.7884312331027402
-0.1070932127378681
0.3338841874918625
0.31415588053670584
0.28569424943705324
0.2518979760661194
-0.027286195749652964
0.167274740062568
0.2529712103663769
0.425326905360905
0.5505215761325879
0.46412584216525565
0.5157382489324185
0.08418470108423204
-0.5480252051035951
-0.6130226296978801
-1.405075782895994
-2.5773607931139195
-1.1661662656225509
-0.14678669514418116
-0.04959684291760935
-0.08190681398004801
-0.008413594612733
0.5097722414262587
0.3335089008792269
0.2973878667843822
0.6828317648279468
-0.89419810528319
0.11092027116850076
0.052669226901034746
-0.33777860336599697
-0.052793411339775054
0.23820820440688514
0.16442082570011674
0.1507448415174858
0.454192543400998
0.3546204799936171
0.394544253001214
0.7844924591251141
-0.0049781279049069815
0.35479002097865475
0.5315503058382042
0.6059094722428066
0.15649315785602075
0.18547925243162822
0.3193317245632117
0.4350817085572355
0.40032717723091726
0.5244006963224658
0.6988507423912718
0.5037237834292014
0.6682491691944954
0.6444795004885442
0.5820053999879511
0.684349274441188
0.7915177741442067
0.721646322108704
0.4941337157472617
0.36194132475548735
0.5030500857520239
0.35972448285394987
-0.12621339646855625
-0.32621548108602383
0.23117993575104678
0.3312823175882235
0.3841229945257343
0.004056048598076817
0.2017853828521068
0.5402707348711863
0.638041241081719
0.6763907647656722
0.6887852441370532
0.7261487215160646
0.6173092840916079
0.025084322288377925
0.4618255152527835
0.573993199732256
0.7080702553804189
0.6180765954302644
0.4729989359748412
-0.17375231969128915
-0.3014076634307211
-1.0767286769191013
-2.330980767112053
-1.340573480723746
-0.11955955973482513
0.009035988260750208
-0.9642382329650767
-0.17915693585658074
0.05372048000289928
0.4341008924386752
0.47746325442177795
0.868613174153371
0.762191816063498
0.6894768670308571
0.8455672344524217
0.5587831081444279
0.8287611780390255
0.8499955678553277
1.0382488184051448
0.5244672207094804
0.8655824420715693
0.46801232411401317
0.39367343263377974
0.326057249336041
0.4587372998274496
0.3973312603988517
0.664845770035773
0.7426672921571986
0.5087035359700989
0.35271891173770253
0.5456763140784032
0.47199842730276775
0.3092842967836902
0.42877943464690493
0.621070398268213
0.45922100900945306
0.13431057793883452
0.13173715130189342
0.5173836823391689
0.6439849837917482
0.4206232008699703
0.3426698548854682
-0.2255036471929289
-0.02964760235952174
-0.10802869259051057
0.5037845475212159
0.5730610079755649
0.6119248931665975
0.6085025708312027
0.31596497004517743
0.051791311924414926
-0.9066155177977429
-1.2848627531704067
-1.3392977574055618
-2.140091965551842
-2.2929938469154987
-2.599952987785089
-1.495944273224177
-1.129761218312437
-1.1000734745220166
-1.356260995786208
-2.0762182281957466
-2.89942273727443
-2.749227127810673
-2.113134744662248
-1.73746432289019
-2.0007829902808747
-1.791706522330399
-1.3761918708089613
-1.3378371750985978
-1.772389706192272
-1.8164511974250939
-1.869992654662195
-1.4113553945238722
-2.028026349942074
-1.4986300439813647
-1.1505173799403032
-1.018182694940454
-1.1369659451056688
-1.1004421449604496
-1.5397460910295633
-1.720713654988453
-1.6405602369462888
-1.672746357857864
-1.4434271753498524
-1.0269938745180935
-1.1310516397346162
-1.0750339538352143
-0.926786676797074
-0.7890822553715179
-0.4006103088583034
-0.40107893974028574
-1.2202204242974046
0.26386995014889886
-0.015341871301913973
-0.25831429075581547
-1.1080603663357627
-2.3846787070654014
-1.2746746620153508
-0.21619057830139368
-0.03308479331479067
-0.45733761448012544
-0.6088064166306605
-0.7288127084794175
-0.11523251229681078
0.11211099819552647
-0.5226539334448684
-0.7728912407270399
-0.8261203830777514
-1.2972350460705269
-0.7363228390538368
-0.4582931561450646
-0.3075681832478062
0.01552815300408121
-0.10890367781580004
0.21833870952517528
-1.0297112635910834
-0.8066455493674132
-0.5779510252645772
-2.5187156537633806
-0.8221245636232937
-1.549095296194956
-0.8203394207431003
-0.7313169949922445
-0.5284413545474631
-2.963692958477559
-1.682617110533379
-0.6139454909850345
-1.078802236831248
-2.419247119538887
-1.8587248927390807
-1.6766752038201405
-0.9575767701193507
-0.5366592332182479
-0.8378683679610169
-1.6450508789049165
-3.058637258633035
-2.8013652913280334
-1.3172507341480368
-0.6130334621534465
-1.8675923610544591
-1.8219848103077714
-0.2110829381983829
0.13896719916656922
0.15015420941864185
-0.2851109677974656
0.30653788726562947
-0.7002421070089767
-0.7682438261460024
-1.2866673370583037
-2.1005613965910768
-1.0173337498827173
-1.2517058510084114
-0.2828681205550079
-0.5403719313237765
-0.42793017906400777
-0.5215276499009318
-0.25899976866971663
-0.5968205512095316
-0.8813339769462587
-0.6287162821878812
-0.018407405674072452
-0.11747565423719197
0.14812313809938904
0.09794068742831041
0.49569798739274007
0.20122956599966502
0.5700348810572089
0.5619064193857626
-0.3586256419215317
-0.2361197548443459
-0.31413882039475605
0.12643568239038974
-0.1141031773560098
-0.07440738686182854
0.2311149249627141
0.46839691491810187
0.3806974421919995
-0.1628599650368294
0.26622764588716236
-0.1330115334285785
-0.08741291508170168
-1.6121250726971053
-0.11252886714504148
0.1515108271929754
0.2899838742631621
0.4024664115491007
0.5188350090556526
0.5916710791155351
0.34257075819720906
0.6883916424816555
0.7059144008553825
0.32143304873194406
0.13749430966280882
0.6282894244804527
0.5521660910362953
0.700654814878073
0.4889243966101936
0.6087299674286455
0.5887508294018109
0.684899834972902
0.5088457098163233
0.4549592106785124
-0.4150949696262527
0.6603907829583163
0.7656017520574826
0.6695372435918776
0.2944695307215164
-0.5170842858751605
0.16278337799214618
0.317427810681854
0.5125968850940676
0.20846391545053455
0.3505015439910807
-0.8343043586805637
0.11862537272297656
0.4593456939750722
0.5722729998825227
0.4255020999500969
0.49130236200182076
0.6352402476567902
0.4510926220397916
0.6360469939956974
0.6598883854034652
0.7371171654201445
0.9288273023406727
0.8772257459394489
0.7517933209517677
0.6080851498593284
0.3632578488424282
0.5393188765600124
-0.13867482990044158
-0.2848399108730454
0.7239583332866565
1.2559277643098798
1.6002917846383662
1.6216051488101186
1.6714705951515296
1.477846829860084
-0.36506874553772595
-3.924035750693002
-3.216094585348661
-0.18985007965005687
0.8437197248238393
1.068596517932282
1.4704170632983407
0.47518200975990454
1.5284949024541583
1.5035682414129514
1.0158894316946872
1.014301793527771
0.9772585827579097
0.935873006427252
0.5167533780327997
0.7429686478860372
0.9762688167333511
1.384868444971157
0.8855890166800501
0.8175277546129458
0.5741918643903988
0.03061547268710882
-0.5693129392183549
-1.3403126618253043
-2.8522092163936006
-0.4868842010800384
0.604885233889321
0.699001991407197
0.6474601909337392
0.2409234041531369
0.366758020330509
0.8947077123819807
1.1229677169241332
0.6268976362941518
-0.16051879588985188
-1.3069447210853105
0.14201611693870117
0.6285334713429532
0.7293980054883654
0.8411704930840301
1.0386002338432474
0.9407237142768631
0.7037547842307191
1.0948619020416122
0.8426878370047621
0.7848574656434029
0.6696553020184802
0.6982491196284728
0.7485762685765842
0.6972951539147904
0.5677635176783066
0.5790458985546074
0.9165254816180933
1.0254886365821414
0.8252980424791698
0.6144331299059246
0.1589030074188018
0.7048794943669199
1.042822209564964
1.128745424857041
1.176582907488593
1.4419169183080256
1.4065231189680865
1.3324488928119793
1.1245221276366713
0.9359362542419589
0.09894395079116469
0.2806384703411583
0.6998159007221204
-0.15744879507854306
0.2635112950665476
0.15744704210079558
0.9418808168193353
0.6026318665145105
-2.354585959366784
-1.3609109052688733
-0.12742064102600978
0.4244469956632977
0.5676270187403318
0.49098833296613
0.24860601404644977
0.5402502136171644
0.768427772967915
0.682526193349332
0.40514828078491827
0.32319781686614735
-0.027922814750916264
0.012911873284686737
-0.12150734998720744
0.09183508151153123
-0.044345446505422714
0.3384006006976543
-0.06501315201732308
0.014266460428489183
0.599922371805753
0.6465243610035968
0.034619516517168464
-0.8650446421269735
0.08167261257673963
-1.0067481338033788
-0.6602477032801792
0.03950833592646727
0.07398992927453199
0.27938314224161886
0.36082211033883604
0.4739818017060199
0.2878863380902126
-0.1396798196939343
0.3997074306772207
-0.2843567093481222
-0.21702317633064425
0.2305814983007176
0.4109659197114318
0.6386117688390819
0.5594256388682335
0.8059905222250662
0.639569242906828
0.11206921569281315
0.5187136770661321
-0.4469061067862057
-0.24346388118711706
0.1882987002239567
