0.2453106
0.025047362
-0.0123928785
-0.08348
0.2267941
0.12489307
-0.15681541
0.080194265
0.03944722
0.27357548
-0.5651195
-0.9178866
-0.5083617
0.1408576
-0.24086732
0.08667594
0.29125768
0.35329452
0.31515706
0.54218185
0.63539445
0.6009631
0.7237173
0.80945754
1.0739498
0.9672742
1.1088338
0.5209006
0.36917436
0.3297937
0.11416599
0.56341517
0.5385808
0.5851831
0.52438277
0.4089637
0.6373687
0.40298682
0.49327376
0.6066296
0.6470547
0.9644995
0.6705315
0.33922878
0.28202242
0.022206634
0.30335563
0.503929
0.6559207
0.5736518
0.28974476
0.22939864
-0.1186437
0.22781685
-0.06497407
0.15755269
0.38449556
0.0128186345
0.6220255
0.69904846
0.66264266
0.07831535
-0.121224344
-0.042006373
0.18051308
-0.1561169
0.027320296
-0.5354228
-0.7169945
-0.69106674
-0.061113894
-0.22272038
-0.17227113
-0.05657983
0.4365956
-0.33441234
0.061668783
0.62651414
0.77533287
0.6602619
0.6016227
0.8291548
0.8269059
0.4990016
0.8798392
0.9979524
1.0899222
1.0225986
0.93548137
1.0977675
1.1406701
0.9866662
0.88224673
0.9381608
0.15853146
0.2828831
0.49659815
0.6141844
0.80444163
0.63585895
0.8424014
0.7577205
0.87140405
0.59290624
0.6591922
0.9563039
1.0972579
1.0317335
1.114574
0.90245986
0.8991991
0.7557502
1.166147
-0.3027168
-0.58020556
-0.5987996
-0.55712354
-0.52197003
-0.28795904
-0.00087827444
0.25130326
-0.15318716
-0.36506927
0.194785
0.15142483
0.23561817
0.44177708
0.6954512
0.85354716
0.5530729
1.0084462
1.1766241
1.1625364
1.1334474
1.0701318
1.1617203
0.81057453
0.7165172
1.1716387
0.71903557
0.930885
-1.4451832
-1.2824599
0.36130005
0.7039914
-1.1720824
0.57638866
0.39175424
0.72541815
-1.994693
-2.220732
-1.5950468
-0.6800492
-1.7473426
-2.1885383
-2.4651473
-1.9440522
-1.8683779
-1.6322286
-2.311032
-2.7654266
-2.047344
-0.64572823
-0.06747627
-0.28600872
0.32136106
0.80346614
0.6683974
0.95754945
0.9578022
1.050034
0.705611
0.6025295
1.1043082
1.1624258
1.0159001
1.0322615
1.2742028
0.59243625
1.1570127
0.7602787
1.2084126
1.2167492
-0.14477164
0.77648234
0.8981906
0.8742528
0.12928945
0.6529854
0.54010934
0.65286565
1.0165746
0.91485703
0.5995517
0.70779884
0.33298042
0.138511
0.3631436
-0.7243314
-0.048490524
-0.3237015
0.024356782
0.3931685
-0.32659537
-0.41873574
0.23832652
0.048335582
0.059002966
-0.42700857
-0.6949067
-2.5091968
-1.7411492
-0.0037779212
0.2521304
-0.103316605
0.39670548
0.5391554
0.51718265
0.5450177
0.44568992
0.83402264
0.9725177
-0.21858919
-1.7315462
-0.52584255
0.70609796
0.2988636
0.9062049
0.4257203
0.058068573
-0.030577898
-1.15669
-1.6576426
-1.8156655
-0.8941647
-0.717697
-0.747949
0.029079854
0.057267964
0.16254246
0.46331412
0.42890188
-0.60687137
-1.6049433
-1.6928973
-1.2701169
-0.9790307
-0.5247768
-0.7598382
-0.28239214
0.3875709
0.73046947
0.0010945201
0.27261013
-1.3162571
-0.1339227
0.076446235
0.6121428
-0.5707214
0.1310113
0.32884568
0.42842308
0.71751535
0.16168565
-0.07647681
1.0652299
1.0266875
0.49132827
0.4844635
-0.23654228
0.42500004
-0.26640314
-0.13532764
-0.21980762
-0.18156165
-0.6552769
-0.059877336
-0.69647145
-0.77303183
-1.0437759
-0.37646693
-1.0437759
-0.8654766
-0.96826434
-0.75017345
-1.0514878
-0.5319202
-0.19030333
0.13287786
-1.8368316
-0.5346352
-0.77473676
0.07075092
0.6106214
0.030753016
0.20795435
0.3359959
0.6712698
0.872658
0.8279282
0.42767078
0.6355407
-0.041606545
-0.74564624
-1.8217642
-1.8665595
-1.704216
-1.9445543
-0.30830824
-1.9022009
-1.7455406
-0.47320282
-0.6283871
-0.23344964
0.31933698
0.3301962
0.5544428
0.5223578
0.48434415
0.31913126
0.2225191
0.45443648
0.7968873
0.90123975
1.1177299
0.5036321
-1.893404
-0.2706064
0.04650888
-1.9485586
-0.111426115
0.11612001
0.0990974
0.15475813
0.042651325
-0.3632928
0.012026876
0.25437048
0.45065558
0.31099105
0.077617735
0.16050959
0.65886223
0.94362795
0.5620994
0.86494285
0.90802443
0.6019693
0.66815037
0.47919092
0.3714804
0.03789848
0.25380215
0.7665071
-0.6327429
-0.428209
0.10621324
-0.5026804
-0.124714136
0.8568858
0.992175
-0.33360726
0.09619686
0.7203246
0.25863484
0.8742323
0.7899977
0.51930016
0.113054395
0.8221351
1.5362487
0.17366397
0.47136414
0.837374
0.9785381
0.99315673
0.84315586
1.1225052
0.99833524
0.14361772
-0.3080021
0.25171006
0.65430266
0.8280287
0.7929188
0.20767012
0.6622283
1.0624372
0.8260489
0.93057966
0.8880153
0.3927469
0.64289427
0.5694418
0.80656874
-0.41537875
0.38285404
0.7502197
0.8363441
0.61550254
0.13963634
-0.8267882
-0.0009926558
0.3492527
0.8262434
-0.18451244
0.16426137
0.031176
-0.29046017
-1.661938
-1.8455088
-0.37323827
-0.06495178
0.4290143
0.08698624
-0.4477738
-0.51161563
-0.12126005
-0.16900563
-1.5939498
-0.40168732
0.14692935
0.065956086
-1.6877711
-1.7712822
-1.7616203
-1.0695121
-0.78207207
-0.91946256
-2.2073429
-2.3714995
-2.4655092
-1.7898407
-0.8025223
-0.43364698
0.011246324
-0.078327954
-0.5789496
-1.024142
-0.94694555
0.010886043
-0.93437135
-0.80608964
-0.31710637
-0.030253112
0.5919462
0.43102312
-0.62332296
-0.21100628
0.33165583
0.63637704
0.7695918
0.78428936
0.5887815
0.7560028
0.6976623
0.427714
0.68039036
0.40547675
0.5011201
-1.5913181
-2.0503423
-1.4332327
-1.4729706
-1.7550328
-1.3549528
-0.07970595
-0.74818337
-0.5644698
-0.49426705
-0.5637045
-2.0766592
-1.8039348
-0.7475704
-0.17966121
-0.20416957
-1.6758296
-1.7308652
-1.5358286
-2.033078
-2.009912
-1.9431331
-2.165699
-2.7054574
-1.7776225
0.21203464
0.27731633
0.07596779
-0.28606254
0.24409509
-0.39741254
-0.070355
0.57633966
0.5942223
0.4939451
0.6877589
0.40368247
0.62015873
0.63472474
0.58457965
0.61720467
0.16147244
-2.055412
-0.83887446
-0.545974
-0.108228445
0.10242817
-1.3456013
-0.8343508
0.32073998
-0.23586476
0.6913719
0.9941895
-0.5533198
0.6832874
0.739132
0.9670712
1.0306077
1.094904
1.0611072
0.6806822
0.80216724
0.45329872
-0.45505846
-1.5762062
-1.2921695
0.22584578
0.7444197
-1.909992
-0.7642292
-0.6163926
0.08692208
0.40143037
0.44147915
-1.5862808
-2.0339572
-0.39760464
-1.654098
-1.0260384
-1.5694957
-3.0028093
-0.8988048
-0.27161902
-1.3342857
-0.20008916
0.5529127
0.47668162
-0.09684634
0.37809476
0.6103469
-1.7122428
-0.3775646
0.07982457
-0.34673297
-0.5744344
-1.9847012
-2.6343453
-2.251321
-1.5148752
-1.1504799
-0.37300897
-0.29226786
-2.1518428
-1.7188747
-0.3231907
0.014807701
0.3415879
0.58299094
-0.06582594
-0.7880702
-0.8001565
0.23169142
0.6224201
0.4817563
0.5625114
-0.15424502
0.3227445
0.22662175
0.38052052
0.07326257
-0.48408794
-1.2209737
-1.9891028
-2.9071734
-2.3119018
-1.5030212
-0.7645546
-1.62486
-2.07151
-1.334749
-1.4535071
-2.2886772
-1.9646127
-2.3251684
-1.6028111
-0.07602328
-1.1966314
-0.39530903
-0.038213134
-0.71293604
0.21209508
0.014408559
0.46101975
0.91367483
0.9310838
0.43070728
-0.109316945
-1.670537
-0.32697093
0.02594924
0.27295396
0.22367418
-0.69870996
-1.0324737
-2.032176
-0.97176695
-1.0515021
-1.1050608
-0.91267
-1.795377
-2.4375975
-3.3819242
-2.0497315
-0.86038244
-0.86280227
-2.0401983
-1.3607899
-2.025844
-2.060368
-2.128674
-1.1277683
-1.3433541
-1.3148355
-1.3578072
-2.1751573
-0.88831687
-0.095683694
0.26932308
0.33522794
0.1491468
0.2674068
0.37745038
0.22597697
0.35384002
-0.71961725
-2.003852
-1.5637071
-0.46291995
-1.1626365
-0.8938521
-0.8836889
-0.21509725
-1.2651516
-1.1851255
-1.3012172
-1.701649
-2.6810932
-2.5546396
-2.2140148
-0.91125584
-0.5829878
0.006380588
-0.20600045
0.065713674
0.15210453
-0.63066125
-0.069022596
-0.24842608
0.4630283
0.091409355
0.52456653
-0.07513976
0.43148834
0.49735633
-0.0034121275
0.30077043
0.27472654
0.49672383
-0.73162484
-0.16781747
0.273663
0.4227218
0.55407685
0.59126455
0.20484889
-0.25632894
-0.56603694
-0.46909034
-0.4864838
-0.26091707
0.40154535
0.6273166
-0.34252942
-0.48690856
-1.9010649
-0.07158095
-0.28274953
0.14778477
0.26442438
0.07445136
-0.5964067
-0.83068264
-1.0278428
-0.20990592
-0.46036047
-0.16951287
0.2194702
0.4396837
0.43330336
0.38920277
0.48719195
0.25631803
0.34986508
0.00021025538
0.26129794
0.2645024
0.47271004
0.2218382
-0.2893328
0.13030648
0.38209963
0.31246984
0.16778061
0.08386636
0.3347089
0.003436178
-0.010763645
0.22983214
0.15795386
-0.87039137
-0.22511679
-0.27575427
-0.016353965
0.11850706
0.029762536
0.09052232
0.049770206
-0.0388484
-0.52354276
-0.78641653
-0.32658577
-1.0441811
-0.28479576
0.5890028
0.4733299
-0.26021338
-0.39431667
-1.1396204
-0.37114698
-0.14801556
0.111640364
-0.03928989
0.13541007
-0.4990899
-1.7380307
-1.8675861
-0.5812595
-0.019349158
0.07965845
0.42892843
0.06823209
-0.25325465
-0.21601796
-0.09469569
0.104928404
0.14044419
-0.6028273
-1.6136305
-0.29498482
-0.45194763
0.12084499
0.10337278
-0.26004672
-0.1362831
-0.16862094
-1.6894808
-1.8106241
-1.838896
-0.13193834
-0.13227195
-0.29068965
0.37565863
0.4423017
0.5145422
0.1517078
-0.19206673
-0.88273
-0.13881159
-0.85033774
-2.260312
-1.5352788
-1.3090487
-1.5335183
-1.3323714
-2.3873734
-2.1016912
-2.1804636
-2.6904497
-1.4859887
-0.20757109
0.07867569
0.1518668
0.3722248
0.29507554
0.3458274
-0.9067373
-1.097026
-0.22414261
-0.092496395
-0.4607888
-2.0528624
-1.6890454
-0.02930212
0.15403426
0.5662207
0.62409914
0.43757182
0.70236623
0.8652344
0.9656884
0.8587543
0.5665734
0.70004195
0.83351076
0.89309007
0.120455295
0.37950176
0.5047968
0.48938304
0.40110826
0.45362985
0.21207774
0.5370676
0.48852304
0.30963373
0.651254
0.16147867
0.18663773
0.31470686
0.06667593
0.39141595
0.5702387
0.75827765
0.15016294
-0.3405981
-0.038439333
-0.787951
-2.1418028
-2.5904608
-1.5918362
-1.3434349
-2.306257
-2.9034593
-0.9826902
-0.05399704
-0.1336348
0.1497707
0.3957379
0.39121467
0.33186424
-1.0507394
-0.9569689
-0.15782613
-0.1737861
-0.16570866
-0.0426206
-0.609475
0.06454778
0.13010356
-0.9550673
-1.9458785
-1.0675563
0.36693925
0.2088899
0.15619656
0.4721804
0.79272497
0.20871514
-1.5013797
-0.77249146
0.075840354
-1.6712127
-0.3892414
0.15938404
-0.08059245
0.35979933
0.077662796
0.2059026
0.39522618
0.2643388
0.29990733
-0.086842
0.5204585
-0.056514084
0.07596031
-0.32369465
0.051042885
0.20393375
-1.4340535
-2.3295724
-2.1836543
-1.0913329
-1.7538137
-0.18264914
-0.14019918
0.22711673
0.019636571
0.094079316
-0.06304568
-0.112855494
0.037916154
0.022538543
-1.1611547
-0.37631786
-0.3657931
-1.0969937
-2.285682
-0.93237376
-0.33182466
-0.76514685
-0.48581958
-1.7329562
-2.3065515
-1.708977
-0.20896745
-0.31948525
-0.068721235
-0.30537713
-0.4772982
-0.2598192
-0.1480484
-0.071804285
0.06455442
-1.6017258
-0.68938625
0.04985717
0.06578803
0.3273433
-0.16246825
-0.5508578
-0.5839052
-0.78331375
-0.56768143
-0.5957991
-0.5845667
-0.76833284
-0.3570848
-0.36010563
0.24590063
0.76571065
0.6696857
0.78429294
0.58426946
0.7705574
0.4152872
0.13998628
-0.1128549
0.06488988
-0.5293155
0.06836191
-0.115021646
0.12032321
0.4589698
0.46374413
-1.3661017
-1.8261833
-0.12743825
-1.4231
-1.3643746
-0.4443956
-1.0206255
-0.9511471
-0.16509902
-0.19707054
-0.15876037
-0.491898
-0.72264755
-0.42483747
-1.5856998
-2.815078
-1.9294705
-0.12448132
0.30865097
0.12708607
0.3074218
0.49670494
0.6266562
0.56406325
-0.39814353
-1.3353356
-0.39133608
0.370668
0.4393053
0.118086874
-1.0351609
-0.22616541
-0.3618282
0.16501507
0.53048664
0.22113365
0.5797291
0.52784944
0.3091357
-0.28480607
-0.36427343
-0.33272278
-0.45471412
-0.29377627
0.1096904
0.40206364
0.22303864
0.518747
0.733295
1.0899198
0.89655095
1.0140676
0.9995005
-0.44613504
0.54689604
0.48141614
0.626873
0.2640466
0.24553055
0.49020132
0.14410967
-0.2527088
-0.46688545
-0.04975283
-2.271316
-1.6495593
-0.34994453
-0.33561575
0.124616206
0.45841804
0.5386828
-1.1570287
-2.5775135
-1.1318506
-1.5669568
-1.6297543
-0.9129236
0.18346933
0.4570315
0.38351148
0.13717052
-0.7061033
-0.05359584
0.21613356
0.17019263
0.08954066
0.5285318
0.806806
0.387972
-0.37352496
0.17263418
-1.1899339
-0.0090408325
0.31595945
-0.13229603
-0.5578097
0.26835006
0.40250632
0.09835905
-0.65118384
-1.3353249
0.4256263
0.7201726
-0.46888125
-0.56270933
0.037191063
0.55629337
0.6840234
0.37906966
-0.5922966
-0.26104873
-0.1993491
0.033151656
-1.651092
-0.39133424
-0.4828521
0.2355968
0.2632983
-0.69328046
-0.9719527
-0.24900281
0.4468925
0.55089813
0.57019836
0.7819439
1.0837367
-0.2436626
0.24473661
-0.40661234
0.1899252
-0.5882666
0.63212264
0.33713615
-0.5812855
0.048894554
0.17121416
0.1112268
0.4430296
-0.29187918
0.70703304
0.79572046
-0.022051454
-0.49165905
-1.0342128
-0.9827992
-0.8416481
-0.754176
-0.087562144
-0.09429371
0.25800866
0.22001216
-0.0062981844
-0.39630026
0.21459311
0.1585517
-0.060717285
0.38113356
0.093899965
0.57688844
0.14555547
0.730694
-0.16021842
-0.545064
0.04137227
-0.03965676
0.0751403
-0.101647675
-0.47885573
-0.2909007
0.25334743
0.45238328
0.7273262
0.68941647
0.3421803
0.70112145
0.7157378
1.0642362
0.4942419
0.76533854
-1.1374251
0.17755765
-0.7146218
-0.03962159
0.15468076
0.47809523
-0.22996199
-0.7895541
-1.373471
-0.9608296
-0.024583638
-0.030743897
0.25594723
0.26414347
-0.034225345
-0.13746727
-0.06833583
0.17100063
-0.23893255
0.44905186
0.45851514
1.1713023
1.0121436
0.97290987
1.0411733
-0.25544983
-0.23588705
-0.10228288
0.19760215
-0.16895765
0.5170751
0.7354676
0.9683732
1.1053226
1.0124729
1.089589
0.53690857
1.0755931
1.0870961
0.8899313
0.6001141
0.6545809
0.36349124
0.40614682
0.69753087
-0.39022368
0.022863656
0.28595835
-0.3185205
-0.11182737
-0.31022578
-0.22769058
-0.7732042
-0.11776787
-0.02034223
0.37941164
0.352355
-0.038697362
-0.039194286
0.359015
-0.24500829
-1.3712276
-1.5113893
-0.7966039
-0.68019927
-0.18545532
-0.054977477
-0.25914568
-0.41706902
-0.3368907
-0.41006237
-0.043552577
0.13851404
0.47666177
0.14723441
0.11706948
0.17886576
-0.20754999
-0.35653996
-0.58263516
0.5901261
0.6851533
0.6346466
0.7905584
0.7535019
0.43986276
0.76246285
0.5170825
0.7902646
0.9384041
0.46427083
0.56902814
0.52769136
0.53775924
-0.038355827
-0.25278753
0.13101143
-0.3121506
-0.10223585
0.0706408
-1.0532318
-1.7926106
-1.8371761
-2.0343301
-1.9405928
-2.240895
-1.601999
-0.7356845
-0.078144014
0.2538862
0.57286614
0.29183912
0.35957095
0.6067747
0.75831157
0.5470024
0.35511643
0.22103503
0.099571615
0.4943747
-0.2893231
-0.150347
0.43425563
0.38272566
-0.007021308
-0.4479841
-0.18899983
-0.113491654
0.4747386
0.4883751
0.50950915
0.64033747
0.4807557
0.47412935
0.5431934
0.56852776
0.29242963
0.013142586
0.4424164
-0.2312432
0.14493534
-0.09424883
0.14690888
-0.50889266
-0.3130231
-0.04991156
-0.63214684
-0.2134425
-0.84044075
-1.9669325
-0.94758904
-1.8041651
-1.3492771
-1.1715097
-2.1764755
-2.2703187
-2.2060094
-2.6102438
-1.8849928
-0.46504748
0.08533123
-1.1880937
-0.3667761
-1.5579834
-1.3267925
-0.43350887
-2.4930885
-1.0518154
-0.5509225
0.07331976
-0.11305106
-0.5864345
-0.4622336
-1.1561606
-1.1810778
-0.86256695
-0.6742114
-0.7098855
-0.24520904
-0.28894794
-0.22034776
-0.30216676
0.14383316
0.4047351
0.43545154
0.048435718
-0.028463483
-0.12905496
-0.23968428
-0.0782845
-0.3684805
-2.0240893
-2.1370993
-1.1422677
-0.4087271
-0.5470605
-0.42295152
0.12307039
0.17908973
0.12361565
0.23236647
0.13002685
-0.8987839
-1.8652468
-0.47737038
0.016767263
-0.8518045
-1.0913115
-1.2490317
-2.1017241
-2.0392616
-1.3138332
-1.6130831
-1.5209718
-1.0463351
-0.47410852
-0.37268162
0.09184164
-0.4357481
-0.6616107
-0.912573
-0.7006761
-1.5069473
-0.25382513
-0.20398259
-0.6501659
0.104751915
-1.2589489
-0.28514016
0.39051992
-0.61183655
-0.6547873
-0.47063822
-0.15651351
-0.66490614
-1.6613216
-0.96513414
-0.4718042
-0.88737893
-0.7490078
-0.59301734
-1.8160841
-1.7271307
-2.4607568
-0.884611
-0.27893984
0.18660104
0.40669543
0.011959255
-1.0555148
-1.9018481
-2.0594006
-2.414538
-1.4698681
-1.5392928
-1.1690433
-1.4055125
-0.95372295
-1.9126003
-0.9350878
-1.7736509
-1.8023696
-0.18896127
0.14351666
0.091036886
-0.14723277
0.22712564
-0.8618982
-0.40276968
-0.37790102
-0.72212577
-0.920498
-1.7287152
-2.2694852
-2.1336138
-2.2790701
-2.1769974
-1.9315383
-1.06143
-0.73653615
-0.30495566
-0.8587432
-0.31986547
-0.07492685
-0.036709428
-0.6640215
-1.0408257
-1.1608214
-1.5782604
-0.804319
-1.0616289
-1.7331157
-1.1613182
-1.6470041
-1.9912875
-2.0363448
-1.2829162
-1.1427202
-1.5933518
-2.0782733
-2.2613416
-0.8717669
-0.60122275
-0.57991195
-0.8621743
-2.0547101
-0.4365083
-0.2912739
-0.18379474
-0.035686314
-0.13850576
0.13361093
0.48219442
-0.18122226
0.25328985
0.5802277
0.4207132
0.8174425
0.8568994
0.88661397
0.71679765
0.7067493
-0.34855282
0.07568398
-0.479775
0.09745994
-0.22096771
-0.104839444
0.13705587
0.7145383
0.36138445
-0.06086701
0.033451587
-0.8123113
-0.18903339
0.3386034
-0.16107738
0.0028497577
-0.28948194
0.13954857
0.5209613
0.5348611
0.44298866
0.52124447
0.6754128
0.6636359
0.30472243
0.60100186
0.72773516
0.4831999
-0.5498636
-0.8679216
-1.7561634
-0.41284037
-0.7667525
-0.25663292
0.28887427
0.42990005
0.1425237
0.5442941
0.15983173
1.0820224
0.83147204
0.46589404
1.026587
0.72229356
0.7291788
0.89399356
1.1889348
0.92689157
0.32120585
0.7370256
-0.5555899
0.16274792
0.5581427
0.7212418
0.41984442
0.41282022
0.18837306
0.18758067
0.30985266
0.45241216
0.40852946
0.8732127
0.9357335
-0.09775782
0.37230492
-1.0836831
-0.39072573
0.34141824
0.55768543
0.36454222
0.8217616
0.7430079
-0.12721878
0.33364
0.87240875
1.0093821
0.71328294
-0.116377234
-0.84492314
-2.0302718
-2.4703496
-0.29941308
0.37792867
0.4378898
-1.1140249
-1.7672477
-1.6565995
-0.7932168
-0.7537241
-0.74570465
-0.5382575
-0.6458256
-0.15107608
0.31704926
0.110606134
0.19186825
0.28453365
0.46711504
0.5117963
0.2357992
0.48441926
0.65284884
0.66505194
0.74096036
0.9864985
1.0012333
1.0436395
-0.043822467
0.07000548
0.15764865
-1.4213539
-2.1054056
-2.2969093
-2.802377
-1.2476294
0.16589782
0.7029046
0.7201765
0.749855
0.8168676
0.59991723
0.61492604
0.5881057
0.689884
0.7398892
0.20506224
-0.060525537
-0.82628536
-1.9156942
-2.268565
-1.7784953
-1.2577666
-0.8328353
-0.54933965
-1.6708286
-0.9971446
-0.034625232
0.2149845
0.8634851
0.3476173
0.20314345
0.18689263
0.14380446
-0.050736368
0.2591991
0.51392734
0.48925912
0.6232927
0.27876306
-0.46002054
0.64910555
0.86657405
1.2145393
1.2673813
1.2417886
1.0804435
1.0674653
1.0139873
1.2415481
1.1324176
1.1081173
1.2056406
1.3233314
1.2883096
1.1865102
1.4153433
1.499718
1.2319934
1.4379115
1.421869
1.4553347
1.1276704
1.3656278
1.4170887
1.2012639
1.3309445
1.3437107
1.3565446
1.5111432
1.4485177
1.2041051
1.5284431
1.1942866
0.8006196
0.09017533
-2.2259545
-1.9679096
-2.2597308
-2.3460486
0.36652207
0.6763686
0.52066797
0.37094632
0.58429337
0.6567842
0.72624874
0.88930565
0.057623357
0.16696686
-0.0038261414
0.17566574
0.45747453
-0.42868614
-0.828616
-0.054516613
0.8182297
0.8991227
0.20023635
0.4976023
0.46412525
0.92417836
0.8319757
1.1904765
1.1066822
0.4262584
1.0042869
1.3726957
1.3011447
0.90713185
0.7007333
0.7023097
0.98281753
0.8277937
0.83258945
1.2138622
1.0052116
1.0230875
1.1397593
1.0463475
0.38967657
0.872625
1.0591941
-1.516171
-1.3133174
-1.3908633
-0.0649122
-0.65490043
0.012477934
0.19046015
0.2042974
0.8683723
0.76522386
1.2255615
1.3882358
1.3544319
0.82130045
0.56953406
0.51700866
-0.5423182
-1.4348918
-1.8827634
-2.0590558
-0.04485619
-2.217554
-1.8771758
-0.6674762
-0.49291867
-1.6660905
-2.4497805
-1.7407317
-0.9479817
-0.50821316
-0.06844741
0.36776957
-0.054471254
-0.4101525
-0.5072293
0.15712914
0.686448
0.9915736
1.1733248
1.0963309
1.1875288
1.1357254
1.1795208
0.477618
0.72641844
-0.07053208
0.6185317
0.6065479
0.4160867
0.72494394
1.1002687
1.1598608
0.6177825
1.2368214
0.96992946
0.8593361
0.37076223
0.45147708
0.21773782
0.34384376
0.3445847
-1.1657722
-0.7311201
-2.2501216
-1.6770413
-0.93850684
-0.63016987
-0.37223703
-1.8988662
-0.42330128
-0.88752425
-1.6208453
-0.09331387
0.060624868
-0.20408124
-0.25794727
-0.66284025
-0.62547183
0.17475069
-0.92483675
-1.5078173
-1.7129486
-1.5346324
-1.7700613
-0.2954383
-1.8606689
-0.5783669
-2.1652336
-1.7699273
0.06635356
1.0891802
1.0711896
1.3234248
1.064493
1.0249622
-0.20547062
-1.349646
-0.41625804
0.60518473
0.9359975
0.77076435
-1.6730666
-0.083126426
0.7673013
0.7047671
1.176002
1.0694613
1.1504443
1.0912294
0.93487084
1.0140259
0.980037
0.7101625
0.8024583
0.93073213
-0.4624142
-0.10835892
0.53843945
0.96896875
0.32504404
-0.4227326
-2.354089
-1.1571203
0.13161927
-0.6167736
0.6227472
0.9573283
0.47608107
-0.07817906
-0.1994074
-0.13952535
-0.70368135
0.18223089
0.84973025
0.70538414
0.7207629
0.8509022
0.87034726
0.9454042
0.6467782
-0.62614954
0.02026555
-0.95236623
-1.7924516
-2.3508942
-0.16844624
-1.9189837
-0.038781583
0.6642406
1.0281985
0.8970479
0.57435024
0.71885234
-0.2394644
0.6609645
0.7940042
0.41964537
-1.2352798
-0.2855125
0.45296708
-0.02757579
-2.1296706
-0.5521933
-1.458638
-0.22348237
0.78786397
1.3739808
1.0164498
0.7870693
-1.1849623
-0.35191846
0.65895534
0.16225922
-1.3701112
0.0500654
-0.12350416
-1.0525026
0.27004114
0.22257498
-1.9198589
-1.8721313
-2.0771675
-1.8345149
-0.63023067
-1.0038552
-0.5015689
-0.44312137
-0.44742376
-0.47716224
-0.48154056
0.002356261
-0.5192877
0.27400133
0.05130458
0.49411434
0.511012
0.23452893
-0.26263547
0.19992664
-0.35824853
-1.3948215
-0.03902775
-0.55183876
-0.49599636
-0.08161801
-0.6356846
-0.32283717
0.05400175
0.84108245
1.0062467
1.0111861
0.7818786
0.82958174
0.23648897
0.040040016
-0.016336739
-0.30213636
-0.11708444
0.29752374
0.10198721
0.1510647
-0.42226267
-0.4375739
-2.0102816
-2.2888384
-2.1708274
-2.2237833
-2.1941187
