0.23191307767703387
0.1456416668516678
-0.14826612094035949
0.09163694488887358
0.23458827173592262
0.11847583086426541
-0.10707771595008939
0.027392148412372017
-0.05534849154721763
0.1532085912961747
-0.564539446256785
-0.6032695069506859
-0.15265681512531518
0.235015615896657
-0.17844497503076548
0.12562035647630204
0.350928596392559
0.32606955639184454
0.250530338446796
0.4747411062378254
0.420508349300873
0.3521420444084744
0.4346852285189572
0.4862091187589568
0.5487380440091327
0.5009390812670683
0.6499895965385097
0.28554876976794263
0.23756371586892192
0.15694412570122018
0.023688082512622707
0.3940819452658447
0.3697079388361536
0.4697522122226381
0.4530377647113345
0.25201934547747373
0.4610566142018323
0.24094385877349458
0.2700649763377523
0.3068942152945285
0.3282999554053435
0.6423833015777065
0.4088962267738422
0.14630986544988756
0.18200601318114595
-0.09760305807903355
0.18172726160553235
0.3219735947269984
0.38312171732008027
0.28324007504257187
0.12903254374592302
0.059504748221439696
-0.24268640898974855
0.19415863546707418
-0.047545085216201766
0.1499632078025488
0.16326595686518508
-0.007979445327344514
0.45549027612368853
0.47700203215508674
0.35944793296861666
-0.10880985695660897
-0.11870343983077866
-0.09477697454162953
0.10402459230488051
-0.20470441978839196
-0.1634660888522498
-0.4086326006049803
-0.5602295512575842
-0.41849110892131247
-0.05344102082891561
-0.30661376852880173
-0.08290845585786594
-0.07959565262453983
0.3891737683930404
-0.230623208298224
0.013665913022293544
0.4543532454386623
0.5274872824389254
0.49144828302557697
0.5066000446997418
0.588525595399369
0.5246879539346848
0.23590425404463572
0.5806826483518057
0.6816296969904087
0.754536308119351
0.6714804197671257
0.601037783700403
0.6965515751459422
0.6999779963959033
0.5359671502681236
0.502173705210337
0.5134925352546615
-0.11397872497533706
0.13016632387189495
0.39883419438548007
0.4609436917025608
0.529795914061654
0.5043275356881268
0.5979191357200923
0.5499639579412583
0.6199985300623327
0.40600156040521274
0.4952430077551372
0.5787591800536526
0.7217981067056767
0.639867741924781
0.6791733467293922
0.5359303956539555
0.5211486284537064
0.5059139051302305
0.6631156805338183
-0.3226987657906426
-0.5756509265022265
-0.5693280242968979
-0.4489518528791975
-0.23326162366149003
-0.17878927672845088
0.0501986554270792
0.2249732816517947
-0.052620610003383306
-0.3560794514884157
0.16278643876289728
0.037048908079379744
0.09190689196102743
0.3213636205855863
0.5596972390070142
0.6301482540993006
0.3429350075401185
0.7139827466568514
0.8181943282264348
0.7654100945280417
0.7282050079188028
0.6877774499707894
0.8216245780343278
0.5051979827067199
0.494945938800297
0.778494663705126
0.4016963490961084
0.7093363443464374
-0.7047444332196546
-0.8500328243127173
0.49403681260445564
0.579582237241836
-0.9176416027994295
0.5181655410481673
0.3647410514888094
0.5219084984744463
-1.6050236841798589
-1.938618582457369
-0.8438570988829343
-0.6217902357671773
-1.6324781569783346
-1.5404758948400026
-2.131625899005
-1.6104687396866517
-1.4112725791661438
-1.4387821425285614
-1.8754310173112114
-3.101470966724939
-1.3355512899575213
-0.029485648817034388
0.22012950738994183
-0.0939003930106358
0.22485395122054058
0.5298274177626996
0.5484313807167844
0.7403373638818457
0.739870019098369
0.8479105368996499
0.5882823857122442
0.4200062664346157
0.946312975983972
0.8162562006248402
0.5828807000499575
0.6437377463263995
0.8135169399182584
0.3207222410747704
0.7801286600358116
0.5275939137455956
0.8548085550197339
0.8584010845411661
-0.12940614139557047
0.48523809710609034
0.5438672706197928
0.5385021917283808
0.016752886981571735
0.3767165182091216
0.3462813236217753
0.3908722366984405
0.6674765527305695
0.4709960124756054
0.26506674882210823
0.37823767642245687
0.11736742643763787
-0.09801861810058224
0.18132535107099884
-0.7536559639212937
0.04323063166637278
-0.2447356998526716
0.01016056147776899
0.19256728063962855
-0.3546139783322767
-0.37700128106352204
-0.06960292607423063
-0.21857335260611135
-0.253680861078884
-0.5204311672754146
-0.7717084576641969
-2.102603537582028
-0.8065384583098169
0.037542460606092495
0.22448620014220652
-0.15857854024959286
0.28437484329846074
0.36301041724630256
0.2943059881463892
0.39490877926205825
0.3045947085607639
0.5092637975751323
0.6890131918260137
-0.20030417935430608
-1.930108943362522
-0.24103360911285063
0.6915726104551351
0.3385375337139288
0.6065224039554312
0.21254842644822103
-0.11723045131775853
-0.17085065486411624
-0.8283450496169412
-1.679701457238997
-1.228244465570963
-0.5807750250831804
-0.28416148069668845
-0.6580958839784429
0.07294386622816093
0.1403188872486184
0.19657878004054627
0.4317628246044335
0.3319971759346647
-0.48802502575923545
-1.4145752812327166
-1.6053088484216138
-0.8001996839752473
-0.4854080907632401
-0.01889703277320523
-0.3357318801582746
-0.11331548923984905
0.37265623614357307
0.6015504758810836
0.09783395120755245
0.25724556490855066
-0.7278742265039567
-0.006557382449697502
0.1654320446952717
0.4572580276018997
-0.29822276501188694
0.18371281919126115
0.373140363528927
0.39240505647089197
0.6592769881636988
0.142424282964505
-0.14348976530923727
0.8469952024457402
0.9243370982806939
0.4689987696626142
0.4063123534743225
-0.01622049880200216
0.6175202091811617
-0.06130796555045198
0.12959465922107083
0.04624225963680481
-0.12986106272464856
-0.29770637901272634
0.1632227350516988
-0.31599008799179773
-0.4562165837451493
-0.678466938548026
-0.09372834086476198
-0.5752935388565413
-0.5235376600602581
-0.6830406644311798
-0.3542494344050988
-0.7618786937464658
-0.16934066255757765
-0.08466220352018616
0.0626061354102026
-1.0146976835945951
-0.11566633573692237
-0.3460084337902334
0.3870345424752174
0.6400503312700463
0.11469121305128366
0.36297937049936835
0.3710010881873708
0.6312460247403843
0.7082952259052712
0.667970436173729
0.2706249038808145
0.5000624002283567
0.061722635666710976
-0.607623872496223
-1.114052435251672
-1.741044077873785
-0.9599336610780663
-2.188535280481201
-0.26149856933372373
-2.197463158055463
-1.1428809642462396
-0.1468790727347908
-0.3826162101166307
-0.036572830652376376
0.32688928093210656
0.2847987793044864
0.49527986048711015
0.3950293624978808
0.450949045707988
0.28099633749286246
0.091778413384353
0.23217130074541092
0.49416168927492565
0.5808452780667633
0.7081101730555693
0.2822072843827953
-1.8342333660533137
-0.323202819561655
0.05427350682281622
-2.254190123324732
-0.1580999408485367
0.1154218635408315
0.06342997282710218
0.05027480681346458
-0.006439841418403952
-0.34887488522189447
0.07484371373871095
0.2048360775312442
0.28158450208594943
0.1562166932075937
0.1292386119446454
0.11017725374211806
0.4098117777092286
0.6579194846769888
0.3394338032158627
0.6203030621222119
0.7254241787370261
0.2794797752812672
0.5059246243118823
0.2189374263100471
0.30206548835140823
-0.08380464522375539
0.29866365761267344
0.5340735547045529
-0.5694368472020277
-0.365588610018177
0.21596222220566957
-0.4265252200239692
-0.1475395097397281
0.6616472336702363
0.6530966916802157
-0.4144398247093598
0.0700235945856934
0.4769927528526552
0.16178626109809047
0.5434182130873888
0.42070632549503184
0.27123161525808076
-0.06486224382046582
0.6112329576757634
1.2148130580468723
0.11284222225351054
0.24829836330895966
0.6209311770118232
0.5944786138555243
0.6342105632972028
0.569655023807069
0.7474315219398636
0.6052674790272149
-0.0017651755588541929
-0.3263582087095632
0.15718217938343768
0.4225886651607059
0.5153118479778811
0.5839808294571301
0.13118041949295217
0.5873400095674969
0.8038097038860517
0.4489731835742552
0.6480854757409007
0.6741746752357437
0.2215918388831084
0.3259739731374368
0.28025543001295883
0.5489896431678962
-0.3345748575448051
0.2903856906322152
0.6264583219340234
0.5027861618893098
0.3409031689958672
-0.0480113020831561
-0.6630605460972366
-0.1692830036714383
0.21446063453709716
0.5828802823299842
-0.24698784695447903
0.0057652123314433645
-0.05050516092239618
-0.241853446591035
-1.5368981106974358
-1.2126815151744812
-0.1974753405259175
-0.001690919680285785
0.32481858321285345
-0.001756374957750162
-0.4618903415990251
-0.3431234942200734
-0.18555948983891077
-0.3236962241629133
-1.5601581751560727
-0.11163478935647489
0.11032555976926077
0.0225898375197736
-1.031116597623553
-1.044790384564695
-1.0945653014259744
-0.6811770743865898
-0.5031344489709083
-0.7127358357935097
-1.4625940621691536
-1.8694506655204672
-1.9172889463832075
-1.5698564820287766
-0.4673482099574203
-0.21393480976593357
0.038130475626957955
-0.13569761969718044
-0.2786364886068101
-0.7913121939098006
-0.5138880161819448
0.12288215139091557
-0.5419031085592868
-0.5203290780656062
-0.10960546338268781
-0.011958819778204094
0.5603983028195136
0.3427180154861653
-0.4687788954722637
-0.07040247170920488
0.39434825221813896
0.5808273192059802
0.6874106519290143
0.8036178572787437
0.6623200747216261
0.7361329398294231
0.618996019451018
0.37056290016595994
0.5788531683171145
0.36284049129976276
0.242446508501855
-1.0366948958172952
-1.6715508846775724
-0.8642638913470418
-0.8558074873252358
-1.3096108170363627
-0.8001586089535088
0.04534377608343629
-0.6598686299182247
-0.37761057525994535
-0.3610391320096765
-0.4429442954541134
-1.7314299016058485
-1.033382667704712
-0.30402506122451023
-0.13584744931217377
-0.10801164145385853
-1.1176158493325101
-1.1442064071592906
-1.0798348263420234
-1.6429958053985647
-1.9776061376535474
-1.477969225117735
-1.9659221396364268
-3.0237839367615034
-0.916518446008524
0.207288811885477
0.31684397433284617
-0.021089626655398264
-0.216536433152244
0.29131215202868305
-0.15603663217276184
0.04250102319052432
0.451995345058823
0.2735652227545269
0.28270036327384385
0.5297908883627279
0.27655226892336693
0.47027253833924754
0.4492513381141602
0.4012616702877241
0.6409104122405377
0.22780836324220344
-1.0189545088203535
-0.561681442657988
-0.25206859487298117
0.12418562430647245
0.09163963948914806
-0.7276550968907275
-0.4705828208766921
0.44544759585011184
-0.08242308669102316
0.5826749499749685
0.6287030739685111
-0.27176931953995254
0.5161613648752368
0.48957629473863074
0.6618640024949819
0.7836783863520295
0.8353618568869808
0.6339747492877091
0.5270552739190102
0.5467516736549161
0.28159580757648417
-0.3783217285833096
-1.5519492599576465
-0.8898544131353493
0.2942491501668461
0.48668621823814884
-1.4805554573094204
-0.684219653256615
-0.36396616759958966
0.07567002813512425
0.3430670581220433
0.2720327039545846
-1.5166726609803507
-2.0087236246492446
-0.3628445633527636
-1.5167470809924122
-1.0194051448221992
-1.735029338894906
-2.8381319778049265
-0.5277218410227166
-0.34231860677754167
-0.8125794911518833
-0.1653094468896172
0.2768424787784567
0.21340172849091926
-0.1611510264305319
0.19370261982609674
0.3553956093860602
-1.096479048238002
-0.36590011706462655
-0.1807440672977886
-0.29765345109218855
-0.5581760036891631
-1.9501031826255595
-3.017531457524096
-1.8343702149505348
-1.4424781591060372
-0.6715769762853862
-0.30645991992114285
-0.5686694796066765
-2.003225870630968
-1.135723888864314
-0.26244219655262535
-0.15656437501616807
0.14412228441058597
0.21770815014430045
-0.18082962900882735
-0.787064391039187
-0.7416427093379662
0.20197083987326223
0.33094816597748167
0.08101866447427586
0.2755185867813421
-0.30717075834564966
-0.01503599501600994
-0.0033811675043352862
-0.045115878951264066
-0.19540714701834713
-0.5418223121888502
-1.4733554611096071
-2.0405177664994345
-3.2552252399412973
-2.2413869058435543
-0.9471780534291335
-0.8595514393587593
-1.507645120013417
-2.0134312511609527
-1.2364941314916749
-1.65063492302292
-2.5315675622107308
-1.7133441584570868
-1.9468205185579435
-1.2911568836641658
-0.04832831586752939
-0.8596291590558384
-0.2096803060635178
-0.18068136777929458
-0.7871510944605202
0.17376914682312358
-0.015734917643170337
0.40606612073085935
0.613455581805593
0.6831594498399356
0.22500301202267073
-0.07935761291815782
-1.050946874301869
-0.17196536705631324
0.08048137972676883
0.22316137759796056
0.1049018733305275
-0.5194492808346513
-1.021992268565313
-1.514630712931547
-0.4909283312587137
-0.6995801193657428
-0.6702032928220037
-0.5605757862638219
-1.0159454014707026
-1.9335351132600649
-3.0248524398301684
-0.8771019058497173
-0.3158866282626547
-0.38113897273223285
-1.36150104965754
-0.7224903798159351
-1.5880154906321509
-1.446076435981491
-1.5970559390678793
-0.5324519505983533
-0.7449358857472825
-1.0939068334884077
-1.006393829274885
-1.4655460501021051
-0.14643089647692162
0.2446819103177933
0.3959612416246192
0.3855472721340386
0.2787527829428471
0.35923090981642114
0.31121697837857387
0.19242549600335168
0.3950427813184768
-0.3847461119411829
-2.0445248212581553
-0.9020585782815919
-0.3682010168326656
-0.8562805742852524
-0.624892338869862
-0.630340112354093
-0.2709926396083495
-0.6491619585944427
-0.5959848711381225
-0.8361319135170162
-1.487947366985096
-2.458289293615667
-2.297628042927062
-1.7863639231178645
-0.5311665251124109
-0.36347461818352345
0.15989985450655492
-0.10512304413298482
0.18410463353707268
0.298124199498115
-0.3283662507398525
0.13790746339982626
0.05481067551773684
0.4008368198644986
0.12420102768435204
0.46290828153536057
0.04890733276305555
0.420398250815865
0.4702876969300881
0.027397143436058896
0.290362637039435
0.3825563783583738
0.40039083791268304
-0.5015752780296788
-0.08878963900032377
0.1571381964187208
0.31503181069420494
0.42966779203843264
0.5279054478185528
0.15669767843174892
-0.1547769389627767
-0.44401574180824155
-0.43473303245838724
-0.4011103881163033
-0.35495893410149537
0.3188525096231044
0.2682003253562627
-0.2635606528371782
-0.4805048799049869
-1.4229019494364805
0.1272661978490397
0.00286568516051533
0.20049177564503964
0.14172051656832246
-0.03547279968854694
-0.39548714401487195
-0.42396384792571373
-0.6105271673421034
0.052515976844696416
-0.21487393503653582
0.03502271543098248
0.2535942585347342
0.44087342135584995
0.35491069036520584
0.29505540171340283
0.3501449248903107
0.1593432919742937
0.24240526227691778
0.10489858991009751
0.2690081836235598
0.3771870639459004
0.5199888055979603
0.17251336259705227
-0.27276641325288065
0.23970895384681756
0.33773906639122653
0.16100707484206225
0.06616579391551927
0.007588812108649007
0.35263945370343286
-0.15185098890141532
0.044879165583157826
0.20695881146883283
0.15872553073856643
-0.6407868993325003
-0.1160215917964014
-0.12116368862176743
0.1104811071547182
0.07188880737996199
0.08767271358638161
0.07493189133595511
0.1283291098209081
-0.054314923311320096
-0.3121944367936146
-0.48799245191622054
-0.17973646433342513
-0.7921208750556433
0.031446578425417565
0.5233032721492592
0.2793484323262384
-0.33812704106496183
-0.46625787030783006
-1.0124401282447477
-0.2680492679116887
0.006601091721075064
0.2315169835693504
-0.006453177379313224
0.17493124348174524
-0.3506515461258173
-1.8323216729401293
-1.3274747798450668
-0.2495580263930892
0.21487870054876917
0.1283010613920456
0.3313476277369599
0.025575634566203764
-0.0942440711236813
-0.15488482038990917
-0.013398561280774796
0.09658344687061297
0.09225616749178059
-0.4562437689638159
-1.0319252889043677
-0.10181717777082475
-0.15975300830426611
0.12330665092413774
0.05970528827361882
-0.23133786201879
-0.047834626089973215
-0.204032236458592
-1.8120380650373422
-1.7949785558762104
-1.2739219560609933
-0.04376845378873784
-0.045722593353840574
-0.2320596663378869
0.24857765110865943
0.3847046729230863
0.3832342587144877
0.07511031265003676
-0.409010772427422
-0.5761992128554546
-0.2800703183838217
-0.7124774547756906
-1.9865889072768854
-1.327954133276714
-1.060528442191666
-1.0180362945360735
-1.4378667963384224
-2.453784042697006
-1.6988786228675115
-1.9627714840405437
-2.137297298912315
-0.8276205598220215
-0.05860974902881472
0.10173475806161779
0.03720858301958116
0.20093264571005204
0.14471100377208368
0.14864557023250818
-0.6378018024497446
-0.6861176448747083
-0.06374830948125165
-0.07812164763499471
-0.42520942218133595
-1.5004103850947825
-1.0359048681012022
-0.007794558832316528
0.23051892085332784
0.4793923068351108
0.43144645803719295
0.23700752684957221
0.4813578957655841
0.5411479693406024
0.7215958674739397
0.5161633053984397
0.2775124447054902
0.523402950904102
0.538882681946911
0.5566017460967075
-0.04598189846602027
0.30079389654126676
0.3591669111872744
0.44668502759862216
0.3244522521283517
0.2507517694872265
0.13963966863352484
0.3692139529945348
0.3240202309910213
0.09778797879808131
0.33243869824870553
-0.08843949238237503
0.07718303995553472
0.14904273825653527
-0.06832886510707073
0.2888112953114834
0.4371756627313337
0.39209980643419906
0.024916294557580862
-0.24836013547350652
-0.08500629303829646
-0.6819445351155758
-1.6507158817526972
-2.4922782976750057
-0.9819842004190485
-1.0049932807016881
-2.162229304178526
-2.905218202224273
-0.48001625675604
0.16463954682753806
-0.11152815020339926
0.22637452783718684
0.3003003279610348
0.23612195553593468
0.20231677221939803
-0.8327154798973732
-0.669966558546024
-0.03807075376620697
-0.09245124543387098
-0.22969857256885992
-0.11818785144746655
-0.4938207321720067
-0.03096074523967926
0.03052049843199947
-0.7340430692164504
-1.6124735889124402
-0.8462721608984901
0.255168250289135
0.16639561084347745
0.23589035151584745
0.4664795795647707
0.5724514380164544
0.24318297792204968
-0.9233520006540153
-0.3018341534884016
0.07589443479848604
-1.0073334817729123
-0.14538195454436084
0.2098208833503267
-0.05324683529136168
0.26808848916357186
0.17836831055565816
0.24295460834153082
0.4095770883121639
0.2212891684074475
0.20267047910273517
-0.10632344005709521
0.2748148430578342
-0.013759239062240192
0.11123293855289385
-0.13933225175155098
0.1745689767621865
0.18485417503063767
-1.2137330914953819
-2.0472533965841087
-1.919835036017671
-0.5053476459919956
-1.013533545631806
0.09060077584176335
-0.1123067780584037
0.13644077241703284
0.012113548179936026
0.14541243095009027
-0.13893226516081195
0.1115190584695185
0.1439544464277762
0.05029357390567041
-0.786812894604862
-0.2970290830061637
-0.36367796729872925
-0.8608269975689306
-2.0496421120155923
-0.6388134430572504
-0.04571052479760024
-0.5573007542994869
-0.4057731970481545
-1.5784264193054554
-2.0082539512119295
-1.4027019684537803
-0.2731583282426
-0.3271954737450896
-0.09172577148024622
-0.43333033114627684
-0.43228922927241287
-0.08709255639993116
0.024948046013109945
0.07018540397966039
0.09149453192098783
-1.1338190153259118
-0.3590804549320995
0.08664385737957503
0.15920765309468088
0.26808534181565946
-0.22799322289206905
-0.5568741749426515
-0.68181358155755
-0.8162716709622057
-0.8136881223669808
-0.5429180481730397
-0.3817531173090446
-0.4385299126582508
-0.003480203518341357
-0.14886548553962367
0.36500736815666474
0.6258836819073315
0.5272360768188117
0.5234108487260511
0.5099582344242337
0.5450758933179273
0.43437758586514374
0.08797223240819113
0.029156411363464627
0.3395790669850711
-0.14745349870671245
0.2451153478434641
0.12860813882487698
0.29521177156166056
0.5252461544398984
0.509306010800385
-0.9212359882500932
-1.3172706968582673
0.08733417181217835
-0.8541293827030143
-0.8323812201787241
-0.1952792588150328
-0.6658244886695696
-0.4665314717503747
0.001081787743742707
-0.12124607577463711
-0.2390221473620273
-0.6540831593582543
-0.9427594774805107
-0.6047481217393015
-1.2746187659371417
-2.476493846359154
-1.2234898053910286
0.12064125931765582
0.2896289563048388
0.266233597848174
0.3579916097129835
0.4446736131285325
0.5404995091615498
0.526227235559147
-0.060138959764765965
-0.8238701339149328
-0.05729129639523112
0.4289761304345808
0.2772491555618161
0.23508315058423374
-0.5420727443248697
-0.1949432354989384
-0.25561407853726614
0.18677052805493585
0.434352894936913
0.13010705517724952
0.5076888914688837
0.29546491242254425
0.1632830251721883
-0.2368049705232592
-0.6756148914545502
-0.6279553272324189
-0.6580354178130498
-0.18194763717886528
-0.017048526250172863
0.3602860994703163
0.06686355276109006
0.4623438488395363
0.5766431723929968
0.7454149791749265
0.608917188068572
0.7302051041307704
0.7134516987676137
-0.42612955519192475
0.46068193939639035
0.37532355499985603
0.3741233641739711
0.12665941971880085
0.054919590637407034
0.2067625884817224
0.045559342978163775
-0.18144750607630142
-0.2652433646413702
0.008412069346200424
-2.0245530264212324
-1.304992382827581
-0.19303818677752851
-0.14752624697196712
0.11570268096408275
0.3503278855608315
0.3720631601334372
-0.5701163364260762
-2.22449251016155
-0.6910766322487522
-1.2515870136641611
-1.5131231318349276
-0.5341728022012787
0.22535244673141316
0.4485667094823548
0.1688521450667269
0.07308105884264124
-0.5256841438693818
-0.10446244401681556
0.21761191075089076
0.06675551225198673
0.11805048398396781
0.32309707388385955
0.46148446907369345
0.17757076259695617
-0.2809264256577988
-0.060382259862782145
-0.8085546243871199
0.05464642289896893
0.23568842698852766
-0.09534143544168563
-0.4970908444986839
0.272363100039293
0.3305825269642101
0.2735032814210173
-0.516880520375963
-0.7962140044036283
0.4288193158593706
0.47609281166617723
-0.42158863962523363
-0.5304306893842287
0.08764916460596106
0.35229275736131355
0.49130079183345177
0.22472563979681642
-0.5768020498640557
-0.21558016970926344
-0.051132832803994915
-0.1842206366180348
-1.1846686280255045
-0.14645679740557496
-0.22647168758581024
0.2342938531175979
0.026383829568758205
-0.537498475635459
-1.014533756784368
-0.2252828131773069
0.3708383145975509
0.3250287403342186
0.31526272085387397
0.5466983781057099
0.9114610160727273
-0.21314517540949565
0.3012004003189541
-0.37820083921031156
0.1833413671010069
-0.33802603019571864
0.5277403861671869
0.28722728106621986
-0.5095027594515532
0.026780926560408452
0.09534989082227203
0.04556306247279554
0.3307148776254347
-0.1743346904688222
0.6573902911099225
0.7668881595490483
-0.06436691560485888
-0.3853531948404231
-0.6190715077114676
-0.7992601706603152
-0.5471735789302757
-0.5660949320966941
-0.0007672898660311678
0.06445484320259662
0.28310581527594625
0.2552096870067022
0.01901255035220817
-0.3027217272151007
0.27034731924190136
0.23878465417456263
-0.12066793362027609
0.30801948619865577
-0.006343963398754454
0.4317330935061938
0.1309562522672863
0.5016548991550948
-0.26397409013434636
-0.44491484093375033
0.10205835809095137
0.12896686325870385
0.18369113301480364
-0.2502067602865429
-0.44815285887114464
-0.09434036120828981
0.310834081491659
0.3447727526592383
0.5884560909283835
0.43887655302029993
0.21164213994744946
0.45121479312171775
0.49319729457623385
0.7160159349588504
0.32046812192908175
0.3703262619859884
-0.816947203685283
-0.02634966066260197
-0.7066399994180129
-0.058071014691703754
0.1884808276862664
0.3426673478764989
-0.21341214143604884
-0.7036018097160991
-1.3628745936083382
-0.5484370832431172
-0.01442837824356169
-0.014531665164620344
0.01700150749756857
0.06960433540446306
-0.210653070987209
-0.18549986148320594
-0.03371040579988774
0.14937542606831133
-0.1450354218154584
0.42921040360062834
0.18907431764063393
0.6961627373737531
0.7242924455837705
0.7645697852668585
0.707524617359059
-0.18397961779543096
-0.2637662814928735
-0.08346704919793516
-0.04104110565219524
-0.1253498714208258
0.34307301063727136
0.4391213471009937
0.7548711742674803
0.7640059664190768
0.7505528580828765
0.5844394242199576
0.264213634258999
0.5334882464405055
0.4949832727652099
0.46077365530012826
0.0969806265987224
0.2989847557610668
0.11521994946771323
0.12953377895410784
0.3069483653016303
-0.536890257315333
-0.12409812231362241
0.1472209540033951
-0.4025494923343137
-0.3521059211491919
-0.40060710800479327
-0.16005260538782792
-0.5660592152461018
-0.1507885290489598
-0.06529033392525291
0.11506546181591704
0.05333706982816587
-0.187864468928756
-0.19059623630060465
0.04160212901698289
-0.377520116631777
-0.9567688622446658
-1.2858945163205295
-0.7332080605985924
-0.6017507511821866
-0.2841632038268256
-0.24424989985460413
-0.44768444108538785
-0.6553212556694422
-0.6181967558181833
-0.30158612620409864
-0.04433092033822025
0.04002952067567403
0.16384600174483988
-0.09212910613141428
-0.02936269191981808
-0.04695767724122987
-0.4377956472154676
-0.312773004836019
-0.5088105480907072
0.33401390189043073
0.40554585073441096
0.4030000043059112
0.4826865583190484
0.4135849640681766
0.09896102525086804
0.3467972559062641
0.30941339983526595
0.41097042911025217
0.45624158247155966
0.24718311540863838
0.3085921205191232
0.312476254711634
0.13708785511304677
-0.2977921952195832
-0.3200471895518915
-0.04370094088645854
-0.32408740879227793
-0.18702789310232296
-0.11194371976939427
-1.1477934759995836
-1.2957844459357435
-1.8272278464384644
-2.2339313989098746
-2.139427276473191
-2.6662453825785652
-1.678799037541546
-0.4527738235679587
0.09392859852254166
0.13996578999568896
0.27733275741055774
0.2080607847667376
0.18698756423298962
0.43854716282411677
0.47492246396323723
0.2803213785340618
0.16299034787626462
0.1517668652802177
0.033245170067257884
0.295868450511683
-0.22266229496923326
-0.1535210136532715
0.26843697414539536
0.23941955742953028
0.10599309310455513
-0.5111052252291121
-0.09823637473883279
0.02437243578376952
0.36574931072881267
0.42899828634356496
0.5193659455977667
0.5868867411444567
0.42655919894826944
0.3945542056450173
0.4269446576688952
0.36891369362602966
0.1347089128852731
-2.1161875672235424
-2.0011343505770895
-2.0939795614729997
-1.997704939023385
-1.936197653750002
-1.8399710344264533
-2.045464066483892
-1.7930314404965715
-1.7075454558738956
-1.902310445243335
-1.8564792228165863
-2.1405199273389046
-2.2528216395210534
-2.118760765803399
-2.45501088515742
-2.7654044243080254
-3.1302600440379273
-3.5439772645449246
-3.729118477731155
-3.8023319568534886
-3.961348956050686
-2.369097379830096
-1.9659217005799774
-1.6976907524209839
-2.202850888785219
-1.8649178615502275
-2.1443962818238225
-2.2253355311308605
-1.7408517275883546
-2.3975972972642534
-2.004449227044323
-1.9550729623821135
-1.8709736139028306
-1.8441375758364438
-1.9130346528683857
-1.8790709999746782
-2.0646037194011506
-1.9201899151816209
-1.8541677492597821
-1.7281411718462107
-1.856360620220523
-1.702928515117341
-1.6995143627653595
-1.6403324860859307
-1.6926202428229733
-1.55063845471653
-1.5835317163531695
-1.5079352359308273
-1.6074434705538165
-1.514549934447023
-1.5828874899597298
-1.6467421448942166
-1.5550054157349167
-1.6032087140008757
-2.29214660746682
-2.127936038056762
-1.8528495512999112
-1.5887576021202063
-1.6014885940791799
-1.7070196511990294
-1.5739963584254326
-1.5818486872576194
-1.6459768165547184
-1.580971267157599
-1.565882888905622
-1.8795335160835083
-2.0657713522419274
-1.7760626430768083
-1.4917562055856077
-1.7836112671066735
-1.7197906505633271
-1.8288694001302566
-2.052832300420133
-2.1262952086190716
-1.8121892119336802
-1.9207419491580304
-1.9587044826315356
-1.8259026073340872
-1.642308360363252
-1.6631256976323883
-1.5695778904371
-1.7136304228815085
-1.7286183639106472
-1.9221615480603638
-1.7269098774389484
-1.977628266792549
-1.5329725506467322
-1.7352683762648222
-1.8955120453112482
-1.6313660485513157
-2.0578614166545344
-1.6823424786020804
-1.409493870242086
-1.8895820055106127
-1.8521147653482493
-1.6425247966420067
-1.48327480894149
-1.682767949891923
-2.1388965718856907
-1.801855949201725
-1.6522491645360902
-1.994672566995666
-1.961679816362206
-2.158138288820848
-2.9396255035230947
-3.237228924341496
-3.2350038547509388
-2.1316507905815065
-1.8316393242805817
-1.7203736501528177
-1.594818546489491
-1.6456012304511147
-2.0952210052414686
-2.561567640414106
-3.427030166541738
-3.945469432161871
-3.9937294637224054
-3.8536615743008005
-3.8367576228110045
-3.5646606979236486
-3.4588714599850583
-3.5413495445931478
-3.180404724584975
-3.2718941583304275
-3.1847370126909986
-2.9235532695423894
-2.845922237892536
-2.657315758775912
-2.822970163774975
-2.580136123674874
-2.6750283364069727
-2.5605079261637846
-2.4895537059753408
-2.5350191703937255
-2.4868754536716495
-2.509729180388007
-3.1345140685154265
-3.064820239892062
-2.960608001231643
-3.123435148750767
-2.990023108790086
-2.845171955139312
-2.800506577599855
-2.777675188861902
-2.775979325732282
-2.784276678854582
-2.7533173133709927
-2.326326238801382
-2.6951516012751395
-2.5546943212548983
-2.6573985027379226
-2.7909352335646798
-2.391492039034862
-2.4665519555950115
-2.5533649074893185
-2.419179421273715
-2.6073704034605436
-2.84244641984849
-2.7302407558829334
-2.48744728698612
-2.4107240964930208
-2.6157442613018937
-2.829643258266276
-2.809435306505175
-2.454136765288501
-2.37854658205296
-2.3773608217732782
-2.473827774394841
-2.734010635612091
-2.3836872558114197
-2.27504903310987
-2.3967157320708505
-2.2595547673557905
-2.213400822289268
-2.1642129267130135
-1.9597863819820702
-2.113762144036426
-2.0309148525112546
-1.8945726924770576
-1.9710143330907326
-1.8571251878686907
-1.720354050857254
-1.659314717365025
-1.7148453016108371
-1.572620598711802
-1.8719149960328667
-1.554079104574364
-1.7594735669064436
-1.3834961079483212
-1.5679770763643828
-1.5317521070189968
-1.4445469976216927
-1.3522299693267363
-1.3243431205056417
-1.4172553567260628
-1.4691173956261998
-1.7468559888177106
-1.55742832535458
-1.2899767063651657
-1.582580994698238
-1.3369775603623606
-1.4270701369225922
-1.2940559210399984
-1.1691627779569398
-1.13561522196271
-1.2248192771036992
-1.1776459941716384
-1.1286382138871551
-1.1169398350551878
-1.303757696583868
-1.0115200065587917
-0.9577911208027273
-1.0103068614037565
-1.5463540088884093
-1.8162080924059456
-1.931784572578401
-1.2984473344639205
-1.6104873799770276
-1.357061774928928
-1.0542350751191565
-1.0441670014426168
-1.3131584074910307
-1.1295442058260203
-1.3659417056502396
-0.9803586008972719
-1.0327103407615215
-1.205188615944615
-0.9328278849283554
-0.9713341504291712
-0.925826378743431
-0.965873453028982
-0.9132252807040634
-0.9643033122536026
-1.078457036166766
-1.0387328450800424
-1.682688174980849
-1.0856862693875033
-0.9750188166519375
-0.9179211538373321
-1.0352072794531701
-1.0301906972779769
-1.0757358835152957
-0.9895049576429366
-0.9068806078957389
-0.8359750239325792
-1.0054385406043402
-0.6874736692517202
-0.7277837603053446
-1.3090063788022261
-0.7922770616343601
-1.68643805999132
-1.0771154794114488
-0.8669025939080318
-0.8411907698992253
-0.9935711183485584
-0.6879761033815727
-0.7103489323801172
-1.0474953229869235
-0.775034608111184
-0.6618958725794782
-0.6062684327752093
-0.802703620094198
-1.3029818161962239
-1.4393602160055523
-2.0784326796968995
-2.1542800699466
-1.1554023730287135
-0.7242021320241475
-0.795162432535799
-1.603555627132997
-2.128575112638552
-4.187294279822801
-3.794660885923977
-3.798346599046394
-3.9178104632647237
-3.734585679129868
-3.847275597219636
-3.5820075353410132
-3.1039791011598465
-3.2756293864684936
-3.0684911115063693
-2.956950192444524
-2.9898733833850613
-2.7941496073750116
-2.5131328876085295
-1.1614138780228742
-0.46195732816589774
-0.2662705885866721
-0.19263536134995582
0.19054840768086784
0.2998908408157708
0.2575352093719157
-0.6177158699346615
-0.32147639623204993
-0.30525302031167467
-1.2716010432609794
-1.7760200885251964
-2.347975070688536
-3.401859997916286
-1.6230730447999884
-0.5143390749847344
-0.045606575019489864
0.07344747067336645
0.3828170059730567
0.5936987320271296
0.3902522340459752
0.43558083411248216
0.21564889362521908
0.7040906741692398
0.7030420729032157
0.016000091647195208
-0.2755910106751549
-1.0194443235017134
-1.4153111641115492
-1.711082119616898
-1.56044128880559
-1.1762363609904094
-0.9184992820907644
-0.7663605350739067
-1.6902369473652934
-0.8311962620421888
-0.08058723804987986
-0.03293660884096447
0.46529037485837177
0.048505618580140866
-0.08974862429671701
0.055885245648947035
-0.14285777647601713
-0.28899488034536025
0.07489480054022012
0.2363305024384868
0.26400432540683827
0.28549768623701366
0.03396524108107912
-0.6369391954920468
0.37495773527610354
0.49157038959162547
0.7662257853996801
0.9123342032241276
1.0006992543913102
0.9728142484196739
0.9687435588666152
0.9683195789085155
0.9687467527232022
0.952796713754991
1.033174789965744
0.8254028485244689
1.140160805495496
0.9551443817540582
1.0145338213186903
1.1651779492317509
1.3540120735855596
1.1018666643778574
1.4639651230341824
1.5387223225730509
1.3959800833615736
0.995747982058809
1.3008376227160794
1.033119943582808
0.7613865302705478
1.0073417101904396
0.9076807501987609
1.0764823550016713
1.0929055449677014
1.2294467611000184
1.1131512808869775
1.5231453608147234
1.0493081007436107
0.6687321497061421
-0.03352998583898578
-1.3916483042166428
-2.4903578666126673
-2.137516017690246
-2.754456720757646
-0.24424703647594
0.47332304887798604
0.17680277170484576
0.08198415922155448
0.2864192040892254
0.3389041852382064
0.25067757423673775
0.5293494904858665
-0.2400057564079228
0.15538049385072666
-0.2560875508738749
0.1097269543628889
0.37217548143494117
-0.3476346153288318
-0.4999933192552991
0.04013554049459822
0.715745695394156
0.686010596552456
0.06014277460941407
0.2958928613646796
0.27380516243701974
0.8024247137763655
0.7178376056746523
0.9469990434235871
0.9627114282538757
0.34823950608807097
0.8250105659384089
1.144920364594772
0.9435823395878605
0.648879499879557
0.5461296577374228
0.6430360814711872
0.8240764057622945
0.7132229896316871
0.6413109272418085
0.9282530002688417
0.6787413526730751
0.8376229185429944
0.961803769135397
0.9256000044796348
0.35030944780249396
0.5781591984863755
0.8873088212871
-1.1352603403448396
-1.098612956988542
-0.9735041643174501
-0.23068090096665647
-0.7966320052067303
0.025926538255686485
0.20158587815781157
0.18362408734980984
0.7950908193687524
0.5011234584328729
0.8264837976691074
1.0782293025920426
1.0853106964685968
0.6236752817636426
0.38973363909197445
0.4128512094065776
-0.6551857483547234
-1.1662826360427607
-1.7598393563026213
-1.540966450047412
-0.02380352207547845
-1.2693647431436252
-1.9848791171915945
-0.8315046918196072
-0.765872619768389
-1.3502211382538065
-2.687629210719506
-1.5400654459062826
-0.8814975037033023
-0.6231295915690834
-0.15691689206251327
-0.00398114104818903
-0.3971874629734792
-0.736233167289526
-0.7539532862072377
-0.04742162944368675
0.3656846358083128
0.555127625188863
0.7006312022920651
0.6388854613857161
0.6288081588381271
0.5569454068338149
0.6167777232174412
0.075410975099073
0.25699713480126296
-0.2826119149100069
0.2457709166488395
0.29929282608336205
0.21695603987261614
0.4412398344975812
0.6134575643442564
0.6925886687735626
0.18957714030756123
0.6791059327003584
0.4977913900220945
0.4558845394357097
0.07393143207125923
0.16091869940979053
0.1691560253789322
0.15531442723364253
0.18014145229011289
-0.9986431819730704
-0.6510850784564369
-1.4140871269510908
-1.7510213203373466
-0.8630444379374748
-0.46399617812765603
-0.3877082457140467
-1.7364651961592352
-0.3562384603700214
-0.7952427860821943
-1.747775486685575
-0.18083989863567676
-0.056598146218656414
-0.29775480651423236
-0.3244135994657038
-0.8278061300453684
-0.697184047879175
0.06470211189986327
-0.8294295568457217
-1.0510711158595574
-1.7202872354602736
-1.1868008289014051
-1.4475229867751263
-0.43531898158532734
-2.0976046396864696
-0.5869917027886417
-1.354172795503708
-1.4189041025397784
-0.0818340851316853
0.6891149831955972
0.6253253040459001
0.9166556338041133
0.685472420993646
0.8044822820434929
-0.33523959942811987
-0.9859418806353307
-0.4503946609992472
0.41320410803640784
0.6905527901603891
0.3999574518426179
-1.1128913382102226
-0.3372866806311753
0.4734710336749053
0.45670909517217173
0.8482566387239284
0.728264708722708
0.8509499676431715
0.7639145156136341
0.6715356756753821
0.6850838237161919
0.6201399094108291
0.6249387106224875
0.738932286955312
0.5214548801624718
-0.6578216215480358
-0.25527841555296527
0.3504786179663544
0.5724708200024625
0.09641531915631986
-0.5418476395023697
-2.7100649638033065
-1.2890507669781146
-0.1940684964073119
-0.9382401630662179
0.09180420487771954
0.4120715941601315
0.05903913173245402
-0.31329036724328996
-0.3535551034095936
-0.34603646332365157
-0.8671176968647899
0.02579637720242052
0.5289935520147796
0.3990469660487659
0.49290596634950823
0.8264939872875801
0.7655964865833679
0.8990890670942584
0.33135687451606577
-0.5084558235907294
0.10453733914322075
-0.9616110638128496
-1.4804858382757615
-1.8221833042298616
-0.059701848875394675
-1.4632455554773627
0.15016051639726635
0.46863483491413793
0.7526927610656051
0.6643092926850784
0.4169515582785588
0.572707343959019
-0.3458370703312702
0.42787899939501217
0.48319531747922684
0.2956663693254926
-0.9974705829292746
-0.27801948437287627
0.43492894114520686
0.05604645434102615
-1.9014989773239668
-0.5238770190878347
-1.362550201434337
-0.2631517697476803
0.43299586475321206
1.0154320678040751
0.6598255606017058
0.4825613972361704
-1.0336142748793296
-0.4237078120308271
0.42759413190226736
-0.0277495372556055
-1.7246250400083603
-0.0700649548032124
-0.11669940927570971
-1.0139907753620676
0.24378570665948873
0.12275579102048777
-1.5446333987982037
-1.6206474132141853
-2.3228192620541797
-1.9954275977580789
-0.9308196763767663
-0.9374463733024846
-0.6369916133603467
-0.6732052682220685
-0.7308591091320952
-0.828391624410872
-0.725209924933793
-0.3578079622633431
-0.7563784577998313
0.0822310207921139
-0.17589492219787398
0.25740550772344983
0.244534377150664
0.031015001807631393
-0.3971285056444305
-0.0015800973723744949
-0.47476015557974316
-1.2577048049828954
-0.1659740313594916
-0.5392899525887634
-0.6576251478708958
-0.27902356370145376
-0.8175152721300947
-0.4475759640105177
-0.02852591101232463
0.5091679525810678
0.7416495767521007
0.7910944014611985
0.4805723912161358
0.4864280347393809
-0.03099672175768564
-0.20276019525908004
-0.11382818321375487
-0.44853339648279567
-0.34117397436864594
0.0637465188199977
0.13386120759307818
-0.00340116537712723
-0.34637018225134264
-0.20756137237382263
-2.06099224479812
-3.001818107879913
-2.92873440383652
-2.8451079953992906
-2.504387404881858